elec_Region1Beijing,elec_Region2Tianjin,elec_Region3Hebei,elec_Region4Shanxi,elec_Region5Innermongolia,elec_Region6Liaoning,elec_Region7Jilin,elec_Region8Heilongjiang,elec_Region9Shanghai,elec_Region10Jiangsu,elec_Region11Zhejiang,elec_Region12Anhui,elec_Region13Fujian,elec_Region14Jiangxi,elec_Region15Shandong,elec_Region16Henan,elec_Region17Hubei,elec_Region18Hunan,elec_Region19Guangdong,elec_Region20Guangxi,elec_Region21Hainan,elec_Region22Chongqing,elec_Region23Sichuan,elec_Region24Guizhou,elec_Region25Yunnan,elec_Region26Tibet,elec_Region27Shaanxi,elec_Region28Gansu,elec_Region29Qinghai,elec_Region30Ningxia,elec_Region31Xinjiang,alumina_produced,graphite_source_Region1Beijing,graphite_source_Region2Tianjin,graphite_source_Region12Anhui,graphite_source_Region9Shanghai,graphite_source_Region22Chongqing,graphite_source_Region13Fujian,graphite_source_Region28Gansu,graphite_source_Region19Guangdong,graphite_source_Region20Guangxi,graphite_source_Region24Guizhou,graphite_source_Region21Hainan,graphite_source_Region3Hebei,graphite_source_Region8Heilongjiang,graphite_source_Region16Henan,graphite_source_Region17Hubei,graphite_source_Region18Hunan,graphite_source_Region5Innermongolia,graphite_source_Region10Jiangsu,graphite_source_Region14Jiangxi,graphite_source_Region7Jilin,graphite_source_Region6Liaoning,graphite_source_Region30Ningxia,graphite_source_Region29Qinghai,graphite_source_Region27Shaanxi,graphite_source_Region15Shandong,graphite_source_Region4Shanxi,graphite_source_Region23Sichuan,graphite_source_Region26Tibet,graphite_source_Region31Xinjiang,graphite_source_Region25Yunnan,graphite_source_Region11Zhejiang,hydrogen_Region1Beijing,hydrogen_Region2Tianjin,hydrogen_Region3Hebei,hydrogen_Region4Shanxi,hydrogen_Region5Innermongolia,hydrogen_Region6Liaoning,hydrogen_Region7Jilin,hydrogen_Region8Heilongjiang,hydrogen_Region9Shanghai,hydrogen_Region10Jiangsu,hydrogen_Region11Zhejiang,hydrogen_Region12Anhui,hydrogen_Region13Fujian,hydrogen_Region14Jiangxi,hydrogen_Region15Shandong,hydrogen_Region16Henan,hydrogen_Region17Hubei,hydrogen_Region18Hunan,hydrogen_Region19Guangdong,hydrogen_Region20Guangxi,hydrogen_Region21Hainan,hydrogen_Region22Chongqing,hydrogen_Region23Sichuan,hydrogen_Region24Guizhou,hydrogen_Region25Yunnan,hydrogen_Region26Tibet,hydrogen_Region27Shaanxi,hydrogen_Region28Gansu,hydrogen_Region29Qinghai,hydrogen_Region30Ningxia,hydrogen_Region31Xinjiang,ironore_Region1Beijing,ironore_Region2Tianjin,ironore_Region3Hebei,ironore_Region4Shanxi,ironore_Region5Innermongolia,ironore_Region6Liaoning,ironore_Region7Jilin,ironore_Region8Heilongjiang,ironore_Region9Shanghai,ironore_Region10Jiangsu,ironore_Region11Zhejiang,ironore_Region12Anhui,ironore_Region13Fujian,ironore_Region14Jiangxi,ironore_Region15Shandong,ironore_Region16Henan,ironore_Region17Hubei,ironore_Region18Hunan,ironore_Region19Guangdong,ironore_Region20Guangxi,ironore_Region21Hainan,ironore_Region22Chongqing,ironore_Region23Sichuan,ironore_Region24Guizhou,ironore_Region25Yunnan,ironore_Region26Tibet,ironore_Region27Shaanxi,ironore_Region28Gansu,ironore_Region29Qinghai,ironore_Region30Ningxia,ironore_Region31Xinjiang,steelscrap_source_Region1Beijing,steelscrap_source_Region2Tianjin,steelscrap_source_Region3Hebei,steelscrap_source_Region4Shanxi,steelscrap_source_Region5Innermongolia,steelscrap_source_Region6Liaoning,steelscrap_source_Region7Jilin,steelscrap_source_Region8Heilongjiang,steelscrap_source_Region9Shanghai,steelscrap_source_Region10Jiangsu,steelscrap_source_Region11Zhejiang,steelscrap_source_Region12Anhui,steelscrap_source_Region13Fujian,steelscrap_source_Region14Jiangxi,steelscrap_source_Region15Shandong,steelscrap_source_Region16Henan,steelscrap_source_Region17Hubei,steelscrap_source_Region18Hunan,steelscrap_source_Region19Guangdong,steelscrap_source_Region20Guangxi,steelscrap_source_Region21Hainan,steelscrap_source_Region22Chongqing,steelscrap_source_Region23Sichuan,steelscrap_source_Region24Guizhou,steelscrap_source_Region25Yunnan,steelscrap_source_Region26Tibet,steelscrap_source_Region27Shaanxi,steelscrap_source_Region28Gansu,steelscrap_source_Region29Qinghai,steelscrap_source_Region30Ningxia,steelscrap_source_Region31Xinjiang,dri_Region1Beijing,dri_Region2Tianjin,dri_Region3Hebei,dri_Region4Shanxi,dri_Region5Innermongolia,dri_Region6Liaoning,dri_Region7Jilin,dri_Region8Heilongjiang,dri_Region9Shanghai,dri_Region10Jiangsu,dri_Region11Zhejiang,dri_Region12Anhui,dri_Region13Fujian,dri_Region14Jiangxi,dri_Region15Shandong,dri_Region16Henan,dri_Region17Hubei,dri_Region18Hunan,dri_Region19Guangdong,dri_Region20Guangxi,dri_Region21Hainan,dri_Region22Chongqing,dri_Region23Sichuan,dri_Region24Guizhou,dri_Region25Yunnan,dri_Region26Tibet,dri_Region27Shaanxi,dri_Region28Gansu,dri_Region29Qinghai,dri_Region30Ningxia,dri_Region31Xinjiang,co2_transported_Region12Anhui_to_Hehuai,co2_transported_Region12Anhui_to_Region17Hubei,co2_transported_Region12Anhui_to_Region14Jiangxi,co2_transported_Region12Anhui_to_Region15Shandong,co2_transported_Region1Beijing_to_BohaiOnshore,co2_transported_Region1Beijing_to_Erlian,co2_transported_Region1Beijing_to_Region3Hebei,co2_transported_Region1Beijing_to_Region5Innermongolia,co2_transported_Region1Beijing_to_Region2Tianjin,co2_transported_Region22Chongqing_to_Region24Guizhou,co2_transported_Region22Chongqing_to_Jianghan,co2_transported_Region22Chongqing_to_Nanxiang,co2_transported_Region22Chongqing_to_Region27Shaanxi,co2_transported_Region22Chongqing_to_Region23Sichuan,co2_transported_Region22Chongqing_to_SichuanBasin,co2_transported_Erlian_to_BohaiOffshore,co2_transported_Region13Fujian_to_EastChinaSea,co2_transported_Region13Fujian_to_Region19Guangdong,co2_transported_Region13Fujian_to_Region14Jiangxi,co2_transported_Region13Fujian_to_PearlRiverMouth,co2_transported_Region28Gansu_to_Region30Ningxia,co2_transported_Region28Gansu_to_Region29Qinghai,co2_transported_Region28Gansu_to_SichuanBasin,co2_transported_Region19Guangdong_to_Region20Guangxi,co2_transported_Region19Guangdong_to_Region21Hainan,co2_transported_Region19Guangdong_to_PearlRiverMouth,co2_transported_Region20Guangxi_to_BeibuGulf,co2_transported_Region20Guangxi_to_Region24Guizhou,co2_transported_Region20Guangxi_to_Region21Hainan,co2_transported_Region20Guangxi_to_Region25Yunnan,co2_transported_Region24Guizhou_to_Region25Yunnan,co2_transported_Region21Hainan_to_BeibuGulf,co2_transported_Region21Hainan_to_PearlRiverMouth,co2_transported_Region21Hainan_to_Qiongdongnan,co2_transported_Region3Hebei_to_BohaiOnshore,co2_transported_Region3Hebei_to_Region16Henan,co2_transported_Region3Hebei_to_Region5Innermongolia,co2_transported_Region3Hebei_to_Qinshui,co2_transported_Region3Hebei_to_Region15Shandong,co2_transported_Region3Hebei_to_Region4Shanxi,co2_transported_Region8Heilongjiang_to_Hailar,co2_transported_Region8Heilongjiang_to_Sanjiang,co2_transported_Region8Heilongjiang_to_Songliao,co2_transported_Region16Henan_to_Hehuai,co2_transported_Region16Henan_to_Nanxiang,co2_transported_Region16Henan_to_Qinshui,co2_transported_Region17Hubei_to_Hehuai,co2_transported_Region17Hubei_to_Region18Hunan,co2_transported_Region17Hubei_to_Jianghan,co2_transported_Region17Hubei_to_Nanxiang,co2_transported_Region18Hunan_to_Region22Chongqing,co2_transported_Region18Hunan_to_Region19Guangdong,co2_transported_Region18Hunan_to_Region20Guangxi,co2_transported_Region18Hunan_to_Region24Guizhou,co2_transported_Region18Hunan_to_Jianghan,co2_transported_Region5Innermongolia_to_Erlian,co2_transported_Region5Innermongolia_to_Region30Ningxia,co2_transported_Region5Innermongolia_to_Ordos,co2_transported_Region5Innermongolia_to_YingenEjina,co2_transported_Region10Jiangsu_to_Region12Anhui,co2_transported_Region10Jiangsu_to_Region15Shandong,co2_transported_Region10Jiangsu_to_Subei,co2_transported_Region10Jiangsu_to_Region11Zhejiang,co2_transported_Region14Jiangxi_to_Region19Guangdong,co2_transported_Region14Jiangxi_to_Region17Hubei,co2_transported_Region14Jiangxi_to_Region18Hunan,co2_transported_Region7Jilin_to_Region8Heilongjiang,co2_transported_Region7Jilin_to_NorthYellowSea,co2_transported_Region7Jilin_to_Sanjiang,co2_transported_Region7Jilin_to_Songliao,co2_transported_Region6Liaoning_to_BohaiOffshore,co2_transported_Region6Liaoning_to_Erlian,co2_transported_Region6Liaoning_to_Region7Jilin,co2_transported_Region6Liaoning_to_NorthYellowSea,co2_transported_Region6Liaoning_to_Songliao,co2_transported_Nanxiang_to_Hehuai,co2_transported_Nanxiang_to_Jianghan,co2_transported_Nanxiang_to_Qinshui,co2_transported_Region30Ningxia_to_Ordos,co2_transported_Region30Ningxia_to_YingenEjina,co2_transported_Ordos_to_Qinshui,co2_transported_Qaidam_to_Tarim,co2_transported_Qaidam_to_YingenEjina,co2_transported_Region29Qinghai_to_Region30Ningxia,co2_transported_Region29Qinghai_to_Qaidam,co2_transported_Region29Qinghai_to_YingenEjina,co2_transported_Region27Shaanxi_to_Region28Gansu,co2_transported_Region27Shaanxi_to_Nanxiang,co2_transported_Region27Shaanxi_to_Region30Ningxia,co2_transported_Region27Shaanxi_to_Ordos,co2_transported_Region27Shaanxi_to_Qinshui,co2_transported_Region27Shaanxi_to_SichuanBasin,co2_transported_Region15Shandong_to_BohaiOffshore,co2_transported_Region15Shandong_to_BohaiOnshore,co2_transported_Region15Shandong_to_Hehuai,co2_transported_Region15Shandong_to_Region16Henan,co2_transported_Region15Shandong_to_NorthYellowSea,co2_transported_Region15Shandong_to_SouthYellowSea,co2_transported_Region15Shandong_to_Subei,co2_transported_Region9Shanghai_to_EastChinaSea,co2_transported_Region9Shanghai_to_Region10Jiangsu,co2_transported_Region9Shanghai_to_SouthYellowSea,co2_transported_Region9Shanghai_to_Subei,co2_transported_Region9Shanghai_to_Region11Zhejiang,co2_transported_Region4Shanxi_to_Region5Innermongolia,co2_transported_Region4Shanxi_to_Ordos,co2_transported_Region4Shanxi_to_Qinshui,co2_transported_Region23Sichuan_to_Region28Gansu,co2_transported_Region23Sichuan_to_Region24Guizhou,co2_transported_Region23Sichuan_to_Region29Qinghai,co2_transported_Region23Sichuan_to_SichuanBasin,co2_transported_Region23Sichuan_to_Region26Tibet,co2_transported_Region23Sichuan_to_Region25Yunnan,co2_transported_Songliao_to_Erlian,co2_transported_Songliao_to_Hailar,co2_transported_Region2Tianjin_to_BohaiOffshore,co2_transported_Region2Tianjin_to_BohaiOnshore,co2_transported_Region2Tianjin_to_Erlian,co2_transported_Region26Tibet_to_Qaidam,co2_transported_Region26Tibet_to_Region29Qinghai,co2_transported_Region26Tibet_to_Tarim,co2_transported_TurpanHami_to_Junggar,co2_transported_TurpanHami_to_Qaidam,co2_transported_TurpanHami_to_YingenEjina,co2_transported_Region31Xinjiang_to_Junggar,co2_transported_Region31Xinjiang_to_Qaidam,co2_transported_Region31Xinjiang_to_Tarim,co2_transported_Region31Xinjiang_to_TurpanHami,co2_transported_Region25Yunnan_to_BeibuGulf,co2_transported_Region25Yunnan_to_Region26Tibet,co2_transported_Region11Zhejiang_to_Region12Anhui,co2_transported_Region11Zhejiang_to_EastChinaSea,co2_transported_Region11Zhejiang_to_Region13Fujian,co2_transported_Region11Zhejiang_to_Region14Jiangxi,co2_captured_Region1Beijing,co2_captured_Region2Tianjin,co2_captured_Region3Hebei,co2_captured_Region4Shanxi,co2_captured_Region5Innermongolia,co2_captured_Region6Liaoning,co2_captured_Region7Jilin,co2_captured_Region8Heilongjiang,co2_captured_Region9Shanghai,co2_captured_Region10Jiangsu,co2_captured_Region11Zhejiang,co2_captured_Region12Anhui,co2_captured_Region13Fujian,co2_captured_Region14Jiangxi,co2_captured_Region15Shandong,co2_captured_Region16Henan,co2_captured_Region17Hubei,co2_captured_Region18Hunan,co2_captured_Region19Guangdong,co2_captured_Region20Guangxi,co2_captured_Region21Hainan,co2_captured_Region22Chongqing,co2_captured_Region23Sichuan,co2_captured_Region24Guizhou,co2_captured_Region25Yunnan,co2_captured_Region26Tibet,co2_captured_Region27Shaanxi,co2_captured_Region28Gansu,co2_captured_Region29Qinghai,co2_captured_Region30Ningxia,co2_captured_Region31Xinjiang,co2_transported_Region1Beijing,co2_transported_Region2Tianjin,co2_transported_Region3Hebei,co2_transported_Region4Shanxi,co2_transported_Region5Innermongolia,co2_transported_Region6Liaoning,co2_transported_Region7Jilin,co2_transported_Region8Heilongjiang,co2_transported_Region9Shanghai,co2_transported_Region10Jiangsu,co2_transported_Region11Zhejiang,co2_transported_Region12Anhui,co2_transported_Region13Fujian,co2_transported_Region14Jiangxi,co2_transported_Region15Shandong,co2_transported_Region16Henan,co2_transported_Region17Hubei,co2_transported_Region18Hunan,co2_transported_Region19Guangdong,co2_transported_Region20Guangxi,co2_transported_Region21Hainan,co2_transported_Region22Chongqing,co2_transported_Region23Sichuan,co2_transported_Region24Guizhou,co2_transported_Region25Yunnan,co2_transported_Region26Tibet,co2_transported_Region27Shaanxi,co2_transported_Region28Gansu,co2_transported_Region29Qinghai,co2_transported_Region30Ningxia,co2_transported_Region31Xinjiang,ironore_coastal_Region3Hebei,ironore_coastal_Region6Liaoning,ironore_coastal_Region15Shandong,ironore_coastal_Region10Jiangsu,ironore_coastal_Region11Zhejiang,ironore_coastal_Region13Fujian,ironore_coastal_Region19Guangdong,ironore_coastal_Region20Guangxi,ironore_coastal_Region21Hainan,ironore_coastal_Region9Shanghai,ironore_coastal_Region2Tianjin,ironore_domestic_Region1Beijing,ironore_domestic_Region2Tianjin,ironore_domestic_Region3Hebei,ironore_domestic_Region4Shanxi,ironore_domestic_Region5Innermongolia,ironore_domestic_Region6Liaoning,ironore_domestic_Region7Jilin,ironore_domestic_Region8Heilongjiang,ironore_domestic_Region9Shanghai,ironore_domestic_Region10Jiangsu,ironore_domestic_Region11Zhejiang,ironore_domestic_Region12Anhui,ironore_domestic_Region13Fujian,ironore_domestic_Region14Jiangxi,ironore_domestic_Region15Shandong,ironore_domestic_Region16Henan,ironore_domestic_Region17Hubei,ironore_domestic_Region18Hunan,ironore_domestic_Region19Guangdong,ironore_domestic_Region20Guangxi,ironore_domestic_Region21Hainan,ironore_domestic_Region22Chongqing,ironore_domestic_Region23Sichuan,ironore_domestic_Region24Guizhou,ironore_domestic_Region25Yunnan,ironore_domestic_Region26Tibet,ironore_domestic_Region27Shaanxi,ironore_domestic_Region28Gansu,ironore_domestic_Region29Qinghai,ironore_domestic_Region30Ningxia,ironore_domestic_Region31Xinjiang
413.1601096540302,401.99605066935555,407.4872147937388,402.25556152498785,399.42358705676577,412.25896231808576,392.2203282012542,399.24846746222397,425.75677954790126,418.323879029455,421.7938161273769,403.40880445071394,419.3924583169704,403.5844267715721,403.57834478450087,409.222241085372,415.7104066257899,464.32229674794604,446.78619982409816,482.64444993280836,455.9596879479386,482.89723922002577,510.63066727151164,473.24437623141324,496.41690271329185,525.1109741281722,417.7177358916408,434.1543512473084,437.783166927294,430.5883082505323,433.7482838801562,0.0,0.0,0.0,0.0,0.0,0.0,0.0,0.0,0.0,0.0,0.0,0.0,0.0,0.0,0.0,0.0,0.0,0.0,0.0,0.0,0.0,0.0,0.0,0.0,0.0,0.0,0.0,0.0,0.0,0.0,0.0,0.0,90.0,90.0,90.0,90.0,90.0,90.0,90.0,90.0,90.0,90.0,90.0,90.0,90.0,90.0,90.0,90.0,90.0,90.0,90.0,90.0,90.0,90.0,90.0,90.0,90.0,90.0,90.0,90.0,90.0,90.0,90.0,113.89878430183667,109.99956649719465,109.99989327523933,115.89905135256376,123.29701337085905,109.9996041265211,119.4960534805357,125.17693026811537,109.99820853124207,109.99980341074321,109.99655287388732,114.89826799639152,109.99935876815165,124.99566670677821,109.99963267957888,122.59757063524802,125.49729718815503,129.1941303394611,109.99928623766026,109.99949002540832,109.0694408448811,136.09048746397008,127.02549309137045,125.18151412468738,131.19137534325444,-0.0,132.1887682033539,142.09917364240673,146.04404541261266,134.4846453806075,173.62747862490076,3460.3815192903785,3464.2088636112308,3469.066025867486,3467.3401101635495,3455.876299617714,3481.3817500497876,3472.027044087418,3464.2984608407355,3450.120335807554,3459.2834736458763,3454.3265884177554,3463.7162345076554,3470.219135807143,3469.0781566345063,3459.875103194067,3467.175845489342,3473.5057269625704,3477.100773005626,3485.4579697081717,3502.743476602162,3490.135713746507,3487.924990241182,3482.448980076101,3499.0689078941373,3484.3801158053084,-0.0,3481.505280456506,3475.5106339502067,3469.650463003923,3464.986381394971,3517.6451190409725,10459.68948257976,10459.669725609025,10459.723864932661,10459.787663195313,10459.873615852679,10459.411004366417,10459.818924339355,10459.912194192468,10459.56553837348,10459.457044102888,10459.337990382888,10459.615988493655,10459.239436616412,10459.609219226571,10459.547046778118,10459.73988656475,10459.676961359704,10459.635686316049,10458.765790991623,10459.141818862188,10459.4782307265,10459.785652211525,10459.812676861036,10459.70120963887,10459.765840505734,-0.0,10459.809694095522,10459.897964242426,10459.989251665113,10459.95733725285,10459.970781761895,-2.9312941146310587,-4.8648740456564195,-2.405881045916777,-0.0,-672.0996338210401,-672.1031967696998,-0.0,-0.0,-0.0,-0.0,-672.3241552910707,-672.0993331349626,-0.0,-0.0,-686.7444480521535,-672.1010775399886,-672.0999187135058,-0.0,-0.0,-672.0995973822944,-41.88420195152571,-45.412961198220756,-17.575436084054132,-0.0,-0.0,-2.9305854141950554,-2.9306119971892075,-0.0,-0.0,-0.0,-15929.178784259457,-672.0996239652885,-672.0995973822944,-672.0990119680994,-672.0996338210401,-0.0,-0.0,-672.7121710744675,-0.0,-0.0,-673.8395277219612,-672.0995526422107,-672.1337217894769,-672.1003060827304,-672.0993331349626,-672.7121710744675,-672.1003060827304,-0.0,-672.3241552910707,-672.0993331349626,-0.0,-0.0,-0.0,-0.0,-3.1551433229713863,-672.1031967696998,-0.0,-672.1922489179002,-673.0741210485952,-3.555170985833057,-0.0,-2.9314035282000375,-0.3324660150297944,-15913.440196640215,-15930.795760831998,-15930.355566445873,-0.0,-672.0999014045034,-672.0995526422107,-672.1337217894769,-672.1010775399886,-672.1031967696998,-0.0,-672.0999014045034,-672.1337217894769,-672.1003060827304,-672.3241552910707,-672.7121710744675,-672.1922489179002,-673.0741210485952,-672.7121710744675,-672.1011121256428,-673.0741210485952,-0.0,-672.1024047892689,-673.0741210485952,-0.0,-672.0993331349626,-0.0,-672.1922489179002,-672.7121710744675,-686.7444480521535,-672.1010775399886,-672.0996338210401,-672.1003060827304,-0.0,-672.0999014045034,-672.1913783034599,-672.1004154962993,-672.0999187135058,-0.0,-672.1913783034599,-672.1004154962993,-0.0,-0.0,-672.1922489179002,-672.7121710744675,-0.0,-4.0234479757291295,-0.0,-17.575436084054132,-0.0,-0.0,-672.1031967696998,-673.8395277219612,-672.1010775399886,-672.0996338210401,-672.1031967696998,-672.1024047892689,-0.0,-672.1011121256428,-672.1220568887599,-672.1024047892689,-673.0741210485952,-672.1220568887599,-672.1024047892689,-672.1011121256428,-672.1009266102164,-16062.986899231573,-16039.235434102719,-8.23712102316558,-2.9309067454065056,-0.0,-2.924715806311965,1741.6135032175555,2400.0652843757293,1443.5012580230136,2018.4024304968245,2373.291711746629,2949.356300995745,2489.2672272512873,2143.108830789268,2763.13565008618,-13.342478075996286,-26.418414745406505,-21.536670935371617,2099.116471640791,-15944.95029149808,3475.294596964803,2193.419368956961,2282.552907406273,-13.236725100968401,-18.662631414195054,-17.365779997189208,2076.9641400834407,2087.617822643544,-25.49189730243029,-15948.432809357322,-16105.565787231573,2058.04701496324,2317.8228790277885,-51.56686376613905,1653.4405217140263,2022.45865664684,2877.223251335488,-0.0,-0.0,-0.0,-0.0,-0.0,-0.0,-0.0,-0.0,-0.0,-0.0,-0.0,-0.0,-0.0,-0.0,-0.0,-0.0,-0.0,-0.0,-0.0,-0.0,-0.0,-0.0,-0.0,-0.0,-0.0,-0.0,-0.0,-0.0,-0.0,-0.0,-0.0,110.0,110.0,110.0,110.0,110.0,110.0,110.0,110.0,110.0,110.0,110.0,113.89878430183667,109.99956649719465,109.99989327523933,115.89905135256376,123.29701337085905,109.9996041265211,119.4960534805357,125.17693026811537,109.99820853124207,109.99980341074321,109.99655287388732,114.89826799639152,109.99935876815165,124.99566670677821,109.99963267957888,122.59757063524802,125.49729718815503,129.1941303394611,109.99928623766026,109.99949002540832,109.0694408448811,136.09048746397008,127.02549309137045,125.18151412468738,131.19137534325444,-0.0,132.1887682033539,142.09917364240673,146.04404541261266,134.4846453806075,173.62747862490076
389.8392355628464,379.40630784442993,384.58911371951643,380.19917480461044,377.28854223503754,393.6598768992,383.7824848410135,384.62607626728465,413.1880390638583,405.45524089272135,409.6431786197317,389.3821098706899,406.46047304530674,258.3065156538254,383.2263675199094,391.35651905674706,397.2665653494398,443.9825507659285,411.49722280026475,444.7819751299655,420.6484638610663,444.7828717866756,510.60168614348396,436.15538505214613,460.66802222472546,524.6665584712147,394.48386729522935,415.1934420461561,418.6655712562705,411.76968048456786,418.5623406171182,0.0,0.0,0.0,0.0,0.0,0.0,0.0,0.0,0.0,0.0,0.0,0.0,0.0,0.0,0.0,0.0,0.0,0.0,0.0,0.0,0.0,0.0,0.0,0.0,0.0,0.0,0.0,0.0,0.0,0.0,0.0,0.0,90.0,90.0,90.0,90.0,90.0,90.0,90.0,90.0,90.0,90.0,90.0,90.0,90.0,90.0,90.0,90.0,90.0,90.0,90.0,90.0,90.0,90.0,90.0,90.0,90.0,90.0,90.0,90.0,90.0,90.0,90.0,113.89878430183667,109.99956649719465,109.99989327523933,115.89905135256376,123.29701337085905,109.9996041265211,119.4960534805357,125.17693026811537,109.99820853124207,109.99980341074321,109.99655287388732,114.89826799639152,109.99935876815165,124.99566670677821,109.99963267957888,122.59757063524802,125.49729718815503,129.1941303394611,109.99928623766026,109.99949002540832,109.0694408448811,136.09048746397008,127.02549309137045,125.18151412468738,131.19137534325444,-0.0,132.1887682033539,142.09917364240673,146.04404541261266,134.4846453806075,173.62747862490076,3460.3815192903785,3464.2088636112308,3469.066025867486,3467.3401101635495,3455.876299617714,3481.3817500497876,3472.027044087418,3464.2984608407355,3450.120335807554,3459.2834736458763,3454.3265884177554,3463.7162345076554,3470.219135807143,3469.0781566345063,3459.875103194067,3467.175845489342,3473.5057269625704,3477.100773005626,3485.4579697081717,3502.743476602162,3490.135713746507,3487.924990241182,3482.448980076101,3499.0689078941373,3484.3801158053084,-0.0,3481.505280456506,3475.5106339502067,3469.650463003923,3464.986381394971,3517.6451190409725,10459.68948257976,10459.669725609025,10459.723864932661,10459.787663195313,10459.873615852679,10459.411004366417,10459.818924339355,10459.912194192468,10459.56553837348,10459.457044102888,10459.337990382888,10459.615988493655,10459.239436616412,10459.609219226571,10459.547046778118,10459.73988656475,10459.676961359704,10459.635686316049,10458.765790991623,10459.141818862188,10459.4782307265,10459.785652211525,10459.812676861036,10459.70120963887,10459.765840505734,-0.0,10459.809694095522,10459.897964242426,10459.989251665113,10459.95733725285,10459.970781761895,-2.9312941146310587,-1.7530373356040698,-0.0,-0.0,-672.0996338210401,-672.1031967696998,-0.0,-0.0,-0.0,-0.0,-672.3241552910707,-672.0993331349626,-0.0,-0.0,-686.7444480521535,-672.1010775399886,-672.0999187135058,-0.0,-0.0,-672.0995973822944,-35.81419443187536,-39.342953678570396,-17.575436084054132,-0.0,-0.0,-2.9305854141950554,-2.9306119971892075,-0.0,-0.0,-0.0,-15929.178784259457,-672.0996239652885,-672.0995973822944,-672.0990119680994,-672.0996338210401,-0.0,-0.0,-672.7121710744675,-0.0,-0.0,-673.8395277219612,-672.0995526422107,-672.1337217894769,-672.1003060827304,-672.0993331349626,-672.7121710744675,-672.1003060827304,-0.0,-672.3241552910707,-672.0993331349626,-0.0,-0.0,-0.0,-0.0,-3.1551433229713863,-672.1031967696998,-0.0,-672.1922489179002,-673.0741210485952,-3.555170985833057,-0.0,-2.9314035282000375,-0.3324660150297944,-15913.440196640215,-15930.795760831998,-15930.355566445873,-0.0,-672.0999014045034,-672.0995526422107,-672.1337217894769,-672.1010775399886,-672.1031967696998,-0.0,-672.0999014045034,-672.1337217894769,-672.1003060827304,-672.3241552910707,-672.7121710744675,-672.1922489179002,-673.0741210485952,-672.7121710744675,-672.1011121256428,-673.0741210485952,-0.0,-672.1024047892689,-673.0741210485952,-0.0,-672.0993331349626,-0.0,-672.1922489179002,-672.7121710744675,-686.7444480521535,-672.1010775399886,-672.0996338210401,-672.1003060827304,-0.0,-672.0999014045034,-672.1913783034599,-672.1004154962993,-672.0999187135058,-0.0,-672.1913783034599,-672.1004154962993,-0.0,-0.0,-672.1922489179002,-672.7121710744675,-0.0,-4.0234479757291295,-0.0,-17.575436084054132,-0.0,-0.0,-672.1031967696998,-673.8395277219612,-672.1010775399886,-672.0996338210401,-672.1031967696998,-672.1024047892689,-0.0,-672.1011121256428,-672.1220568887599,-672.1024047892689,-673.0741210485952,-672.1220568887599,-672.1024047892689,-672.1011121256428,-672.1009266102164,-2.9306119971892075,-0.0,-16068.29340825755,-16062.98719397979,-16059.12100388328,-16062.981003040699,1741.6135032175555,2400.0652843757293,1443.5012580230136,2018.4024304968245,2373.291711746629,2949.356300995745,2489.2672272512873,2143.108830789268,2763.13565008618,-13.342478075996286,-16086.474701979792,-18.424834225319266,2099.116471640791,-15944.95029149808,3475.294596964803,2193.419368956961,2282.552907406273,-13.236725100968401,-18.662631414195054,-17.365779997189208,2076.9641400834407,2087.617822643544,-25.49189730243029,-15948.432809357322,-45.5094999971892,2058.04701496324,2317.8228790277885,-45.496856246488704,1653.4405217140263,2022.45865664684,2877.223251335488,-0.0,-0.0,-0.0,-0.0,-0.0,-0.0,-0.0,-0.0,-0.0,-0.0,-0.0,-0.0,-0.0,-0.0,-0.0,-0.0,-0.0,-0.0,-0.0,-0.0,-0.0,-0.0,-0.0,-0.0,-0.0,-0.0,-0.0,-0.0,-0.0,-0.0,-0.0,110.0,110.0,110.0,110.0,110.0,110.0,110.0,110.0,110.0,110.0,110.0,113.89878430183667,109.99956649719465,109.99989327523933,115.89905135256376,123.29701337085905,109.9996041265211,119.4960534805357,125.17693026811537,109.99820853124207,109.99980341074321,109.99655287388732,114.89826799639152,109.99935876815165,124.99566670677821,109.99963267957888,122.59757063524802,125.49729718815503,129.1941303394611,109.99928623766026,109.99949002540832,109.0694408448811,136.09048746397008,127.02549309137045,125.18151412468738,131.19137534325444,-0.0,132.1887682033539,142.09917364240673,146.04404541261266,134.4846453806075,173.62747862490076
7.471026483508872,7.279132309525084,7.360595509445697,7.287464896824403,7.265351478540319,8.824420796344468,7.316207703353264,7.391000354559747,7.848363241532591,7.709352614971183,7.81622689018965,7.301410592525339,7.730379355388947,5.28054567723669,7.355607613008628,7.639108193942008,8.139244774129788,8.787852959917721,9.61757723331598,10.462272994765183,10.469576261886854,12.508563840145898,100.1629156749636,10.157229178514113,11.39423381199012,415.7529634659097,7.692539123855644,8.071526884381763,8.181927159692837,7.952680431745541,7.959372468051081,0.0,0.0,0.0,0.0,0.0,0.0,0.0,0.0,0.0,0.0,0.0,0.0,0.0,0.0,0.0,0.0,0.0,0.0,0.0,0.0,0.0,0.0,0.0,0.0,0.0,0.0,0.0,0.0,0.0,0.0,0.0,0.0,90.0,90.0,90.0,90.0,90.0,90.0,90.0,90.0,90.0,90.0,90.0,90.0,90.0,90.0,90.0,90.0,90.0,90.0,90.0,90.0,90.0,90.0,90.0,90.0,90.0,90.0,90.0,90.0,90.0,90.0,90.0,113.89878430183667,109.99956649719465,109.99989327523933,115.89905135256376,123.29701337085905,109.9996041265211,119.4960534805357,125.17693026811537,109.99820853124207,109.99980341074321,109.99655287388732,114.89826799639152,109.99935876815165,124.99566670677821,109.99963267957888,122.59757063524802,125.49729718815503,129.1941303394611,109.99928623766026,109.99949002540832,109.0694408448811,136.09048746397008,127.02549309137045,125.18151412468738,131.19137534325444,-0.0,132.1887682033539,142.09917364240673,146.04404541261266,134.4846453806075,173.62747862490076,3460.3815192903785,3464.2088636112308,3469.066025867486,3467.3401101635495,3455.876299617714,3481.3817500497876,3472.027044087418,3464.2984608407355,3450.120335807554,3459.2834736458763,3454.3265884177554,3463.7162345076554,3470.219135807143,3469.0781566345063,3459.875103194067,3467.175845489342,3473.5057269625704,3477.100773005626,3485.4579697081717,3502.743476602162,3490.135713746507,3487.924990241182,3482.448980076101,3499.0689078941373,3484.3801158053084,-0.0,3481.505280456506,3475.5106339502067,3469.650463003923,3464.986381394971,3517.6451190409725,10459.68948257976,10459.669725609025,10459.723864932661,10459.787663195313,10459.873615852679,10459.411004366417,10459.818924339355,10459.912194192468,10459.56553837348,10459.457044102888,10459.337990382888,10459.615988493655,10459.239436616412,10459.609219226571,10459.547046778118,10459.73988656475,10459.676961359704,10459.635686316049,10458.765790991623,10459.141818862188,10459.4782307265,10459.785652211525,10459.812676861036,10459.70120963887,10459.765840505734,-0.0,10459.809694095522,10459.897964242426,10459.989251665113,10459.95733725285,10459.970781761895,-2.9312941146310587,-1.7530373356040698,-0.0,-0.0,-672.0996338210401,-672.1031967696998,-0.0,-0.0,-0.0,-0.0,-672.3241552910707,-672.0993331349626,-0.0,-0.0,-686.7444480521535,-672.1010775399886,-672.0999187135058,-0.0,-0.0,-672.0995973822944,-35.81419443187536,-39.342953678570396,-17.575436084054132,-0.0,-0.0,-2.9305854141950554,-2.9306119971892075,-0.0,-0.0,-0.0,-15929.178784259457,-672.0996239652885,-672.0995973822944,-672.0990119680994,-672.0996338210401,-0.0,-0.0,-672.7121710744675,-0.0,-0.0,-673.8395277219612,-672.0995526422107,-672.1337217894769,-672.1003060827304,-672.0993331349626,-672.7121710744675,-672.1003060827304,-0.0,-672.3241552910707,-672.0993331349626,-0.0,-0.0,-0.0,-0.0,-3.1551433229713863,-672.1031967696998,-0.0,-672.1922489179002,-673.0741210485952,-3.555170985833057,-0.0,-2.9314035282000375,-0.3324660150297944,-15913.440196640215,-15930.795760831998,-15930.355566445873,-0.0,-672.0999014045034,-672.0995526422107,-672.1337217894769,-672.1010775399886,-672.1031967696998,-0.0,-672.0999014045034,-672.1337217894769,-672.1003060827304,-672.3241552910707,-672.7121710744675,-672.1922489179002,-673.0741210485952,-672.7121710744675,-672.1011121256428,-673.0741210485952,-0.0,-672.1024047892689,-673.0741210485952,-0.0,-672.0993331349626,-0.0,-672.1922489179002,-672.7121710744675,-686.7444480521535,-672.1010775399886,-672.0996338210401,-672.1003060827304,-0.0,-672.0999014045034,-672.1913783034599,-672.1004154962993,-672.0999187135058,-0.0,-672.1913783034599,-672.1004154962993,-0.0,-0.0,-672.1922489179002,-672.7121710744675,-0.0,-4.0234479757291295,-0.0,-17.575436084054132,-0.0,-0.0,-672.1031967696998,-673.8395277219612,-672.1010775399886,-672.0996338210401,-672.1031967696998,-672.1024047892689,-0.0,-672.1011121256428,-672.1220568887599,-672.1024047892689,-673.0741210485952,-672.1220568887599,-672.1024047892689,-672.1011121256428,-672.1009266102164,-2.9306119971892075,-0.0,-8.23712102316558,-2.9309067454065056,-0.0,-2.924715806311965,1741.6135032175555,2400.0652843757293,1443.5012580230136,2018.4024304968245,2373.291711746629,2949.356300995745,2489.2672272512873,2143.108830789268,2763.13565008618,-13.342478075996286,-26.418414745406505,-18.424834225319266,2099.116471640791,-15944.95029149808,3475.294596964803,2193.419368956961,2282.552907406273,-13.236725100968401,-18.662631414195054,-17.365779997189208,2076.9641400834407,2087.617822643544,-25.49189730243029,-15948.432809357322,-45.5094999971892,2058.04701496324,2317.8228790277885,-45.496856246488704,1653.4405217140263,2022.45865664684,2877.223251335488,-0.0,-0.0,-0.0,-0.0,-0.0,-0.0,-0.0,-0.0,-0.0,-0.0,-0.0,-0.0,-0.0,-0.0,-0.0,-0.0,-0.0,-0.0,-0.0,-0.0,-0.0,-0.0,-0.0,-0.0,-0.0,-0.0,-0.0,-0.0,-0.0,-0.0,-0.0,110.0,110.0,110.0,110.0,110.0,110.0,110.0,110.0,110.0,110.0,110.0,113.89878430183667,109.99956649719465,109.99989327523933,115.89905135256376,123.29701337085905,109.9996041265211,119.4960534805357,125.17693026811537,109.99820853124207,109.99980341074321,109.99655287388732,114.89826799639152,109.99935876815165,124.99566670677821,109.99963267957888,122.59757063524802,125.49729718815503,129.1941303394611,109.99928623766026,109.99949002540832,109.0694408448811,136.09048746397008,127.02549309137045,125.18151412468738,131.19137534325444,-0.0,132.1887682033539,142.09917364240673,146.04404541261266,134.4846453806075,173.62747862490076
5.001825554010491,4.87444257255996,4.924264816331443,4.853211818073053,4.853205922113761,6.6047884868199205,4.947214213953504,5.01492888287459,5.097945995008353,5.0072068958132725,5.078432092876241,4.665905017428169,5.023309802425183,4.366855189726871,4.9043462798763375,4.985923715707017,5.224794409586479,5.7360848290194815,5.628377356162654,6.246537511476473,6.56922698983828,8.344418692332233,20.61894058082975,6.001926164649566,6.938192754514693,266.1226360583238,5.103396159295076,5.286618870506963,5.375955499392605,5.193207433380305,5.1717311410509055,0.0,0.0,0.0,0.0,0.0,0.0,0.0,0.0,0.0,0.0,0.0,0.0,0.0,0.0,0.0,0.0,0.0,0.0,0.0,0.0,0.0,0.0,0.0,0.0,0.0,0.0,0.0,0.0,0.0,0.0,0.0,0.0,90.0,90.0,90.0,90.0,90.0,90.0,90.0,90.0,90.0,90.0,90.0,90.0,90.0,90.0,90.0,90.0,90.0,90.0,90.0,90.0,90.0,90.0,90.0,90.0,90.0,90.0,90.0,90.0,90.0,90.0,90.0,113.89878430183667,109.99956649719465,109.99989327523933,115.89905135256376,123.29701337085905,109.9996041265211,119.4960534805357,125.17693026811537,109.99820853124207,109.99980341074321,109.99655287388732,114.89826799639152,109.99935876815165,124.99566670677821,109.99963267957888,122.59757063524802,125.49729718815503,129.1941303394611,109.99928623766026,109.99949002540832,109.0694408448811,136.09048746397008,127.02549309137045,125.18151412468738,131.19137534325444,-0.0,132.1887682033539,142.09917364240673,146.04404541261266,134.4846453806075,173.62747862490076,3460.3815192903785,3464.2088636112308,3469.066025867486,3467.3401101635495,3455.876299617714,3481.3817500497876,3472.027044087418,3464.2984608407355,3450.120335807554,3459.2834736458763,3454.3265884177554,3463.7162345076554,3470.219135807143,3469.0781566345063,3459.875103194067,3467.175845489342,3473.5057269625704,3477.100773005626,3485.4579697081717,3502.743476602162,3490.135713746507,3487.924990241182,3482.448980076101,3499.0689078941373,3484.3801158053084,-0.0,3481.505280456506,3475.5106339502067,3469.650463003923,3464.986381394971,3517.6451190409725,10459.68948257976,10459.669725609025,10459.723864932661,10459.787663195313,10459.873615852679,10459.411004366417,10459.818924339355,10459.912194192468,10459.56553837348,10459.457044102888,10459.337990382888,10459.615988493655,10459.239436616412,10459.609219226571,10459.547046778118,10459.73988656475,10459.676961359704,10459.635686316049,10458.765790991623,10459.141818862188,10459.4782307265,10459.785652211525,10459.812676861036,10459.70120963887,10459.765840505734,-0.0,10459.809694095522,10459.897964242426,10459.989251665113,10459.95733725285,10459.970781761895,-2.9312941146310587,-1.7530373356040698,-0.0,-0.0,-672.0996338210401,-672.1031967696998,-0.0,-0.0,-0.0,-0.0,-672.3241552910707,-672.0993331349626,-0.0,-0.0,-686.7444480521535,-672.1010775399886,-672.0999187135058,-0.0,-0.0,-672.0995973822944,-35.81419443187536,-39.342953678570396,-17.575436084054132,-16054.25303326459,-16050.313204342126,-16062.986872648577,-2.9306119971892075,-0.0,-0.0,-0.0,-15929.178784259457,-672.0996239652885,-672.0995973822944,-672.0990119680994,-672.0996338210401,-0.0,-0.0,-672.7121710744675,-0.0,-0.0,-673.8395277219612,-672.0995526422107,-672.1337217894769,-672.1003060827304,-672.0993331349626,-672.7121710744675,-672.1003060827304,-0.0,-672.3241552910707,-672.0993331349626,-0.0,-0.0,-0.0,-0.0,-3.1551433229713863,-672.1031967696998,-0.0,-672.1922489179002,-673.0741210485952,-3.555170985833057,-0.0,-2.9314035282000375,-0.3324660150297944,-15913.440196640215,-15930.795760831998,-15930.355566445873,-0.0,-672.0999014045034,-672.0995526422107,-672.1337217894769,-672.1010775399886,-672.1031967696998,-0.0,-672.0999014045034,-672.1337217894769,-672.1003060827304,-672.3241552910707,-672.7121710744675,-672.1922489179002,-673.0741210485952,-672.7121710744675,-672.1011121256428,-673.0741210485952,-0.0,-672.1024047892689,-673.0741210485952,-0.0,-672.0993331349626,-0.0,-672.1922489179002,-672.7121710744675,-686.7444480521535,-672.1010775399886,-672.0996338210401,-672.1003060827304,-0.0,-672.0999014045034,-672.1913783034599,-672.1004154962993,-672.0999187135058,-0.0,-672.1913783034599,-672.1004154962993,-0.0,-0.0,-672.1922489179002,-672.7121710744675,-0.0,-4.0234479757291295,-0.0,-17.575436084054132,-0.0,-0.0,-672.1031967696998,-673.8395277219612,-672.1010775399886,-672.0996338210401,-672.1031967696998,-672.1024047892689,-0.0,-672.1011121256428,-672.1220568887599,-672.1024047892689,-673.0741210485952,-672.1220568887599,-672.1024047892689,-672.1011121256428,-672.1009266102164,-2.9306119971892075,-0.0,-8.23712102316558,-2.9309067454065056,-0.0,-2.924715806311965,1741.6135032175555,2400.0652843757293,1443.5012580230136,2018.4024304968245,2373.291711746629,2949.356300995745,2489.2672272512873,2143.108830789268,2763.13565008618,-13.342478075996286,-26.418414745406505,-18.424834225319266,2099.116471640791,-15944.95029149808,3475.294596964803,2193.419368956961,2282.552907406273,-13.236725100968401,-16078.718918648578,-17.365779997189208,2076.9641400834407,2087.617822643544,-25.49189730243029,-15948.432809357322,-45.5094999971892,2058.04701496324,2317.8228790277885,-45.496856246488704,1653.4405217140263,2022.45865664684,2877.223251335488,-0.0,-0.0,-0.0,-0.0,-0.0,-0.0,-0.0,-0.0,-0.0,-0.0,-0.0,-0.0,-0.0,-0.0,-0.0,-0.0,-0.0,-0.0,-0.0,-0.0,-0.0,-0.0,-0.0,-0.0,-0.0,-0.0,-0.0,-0.0,-0.0,-0.0,-0.0,110.0,110.0,110.0,110.0,110.0,110.0,110.0,110.0,110.0,110.0,110.0,113.89878430183667,109.99956649719465,109.99989327523933,115.89905135256376,123.29701337085905,109.9996041265211,119.4960534805357,125.17693026811537,109.99820853124207,109.99980341074321,109.99655287388732,114.89826799639152,109.99935876815165,124.99566670677821,109.99963267957888,122.59757063524802,125.49729718815503,129.1941303394611,109.99928623766026,109.99949002540832,109.0694408448811,136.09048746397008,127.02549309137045,125.18151412468738,131.19137534325444,-0.0,132.1887682033539,142.09917364240673,146.04404541261266,134.4846453806075,173.62747862490076
6.7246485765166915,6.545955822205919,6.618388110125938,6.511315157954069,6.529967832123585,9.050218567297952,6.6283896679021845,6.70265420757283,6.621252474606885,6.5156440779488065,6.586158155139955,6.1592897098889186,6.506863473404648,4.631696172742673,6.608535050170643,6.602017932328687,6.885891542519431,7.475031950202046,6.901725949895703,7.647202300700322,7.918115823978059,152.2928733970156,294.4211948019189,7.409599822408107,8.421700502782754,407.5756489101825,6.781830261110975,6.960279576181462,7.066052760008788,6.8622432759079155,6.8303047347607775,0.0,0.0,0.0,0.0,0.0,0.0,0.0,0.0,0.0,0.0,0.0,0.0,0.0,0.0,0.0,0.0,0.0,0.0,0.0,0.0,0.0,0.0,0.0,0.0,0.0,0.0,0.0,0.0,0.0,0.0,0.0,0.0,90.0,90.0,90.0,90.0,90.0,90.0,90.0,90.0,90.0,90.0,90.0,90.0,90.0,90.0,90.0,90.0,90.0,90.0,90.0,90.0,90.0,90.0,90.0,90.0,90.0,90.0,90.0,90.0,90.0,90.0,90.0,113.89878430183667,109.99956649719465,109.99989327523933,115.89905135256376,123.29701337085905,109.9996041265211,119.4960534805357,125.17693026811537,109.99820853124207,109.99980341074321,109.99655287388732,114.89826799639152,109.99935876815165,124.99566670677821,109.99963267957888,122.59757063524802,125.49729718815503,129.1941303394611,109.99928623766026,109.99949002540832,109.0694408448811,136.09048746397008,127.02549309137045,125.18151412468738,131.19137534325444,-0.0,132.1887682033539,142.09917364240673,146.04404541261266,134.4846453806075,173.62747862490076,3460.3815192903785,3464.2088636112308,3469.066025867486,3467.3401101635495,3455.876299617714,3481.3817500497876,3472.027044087418,3464.2984608407355,3450.120335807554,3459.2834736458763,3454.3265884177554,3463.7162345076554,3470.219135807143,3469.0781566345063,3459.875103194067,3467.175845489342,3473.5057269625704,3477.100773005626,3485.4579697081717,3502.743476602162,3490.135713746507,3487.924990241182,3482.448980076101,3499.0689078941373,3484.3801158053084,-0.0,3481.505280456506,3475.5106339502067,3469.650463003923,3464.986381394971,3517.6451190409725,10459.68948257976,10459.669725609025,10459.723864932661,10459.787663195313,10459.873615852679,10459.411004366417,10459.818924339355,10459.912194192468,10459.56553837348,10459.457044102888,10459.337990382888,10459.615988493655,10459.239436616412,10459.609219226571,10459.547046778118,10459.73988656475,10459.676961359704,10459.635686316049,10458.765790991623,10459.141818862188,10459.4782307265,10459.785652211525,10459.812676861036,10459.70120963887,10459.765840505734,-0.0,10459.809694095522,10459.897964242426,10459.989251665113,10459.95733725285,10459.970781761895,-2.9312941146310587,-1.7530373356040698,-0.0,-0.0,-672.0996338210401,-672.1031967696998,-0.0,-0.0,-0.0,-0.0,-672.3241552910707,-672.0993331349626,-0.0,-0.0,-686.7444480521535,-672.1010775399886,-672.0999187135058,-0.0,-0.0,-672.0995973822944,-35.81419443187536,-39.342953678570396,-17.575436084054132,-0.0,-0.0,-2.9305854141950554,-2.9306119971892075,-0.0,-0.0,-0.0,-15929.178784259457,-672.0996239652885,-672.0995973822944,-672.0990119680994,-672.0996338210401,-0.0,-0.0,-672.7121710744675,-0.0,-0.0,-673.8395277219612,-672.0995526422107,-672.1337217894769,-672.1003060827304,-672.0993331349626,-672.7121710744675,-672.1003060827304,-0.0,-672.3241552910707,-672.0993331349626,-0.0,-0.0,-0.0,-0.0,-3.1551433229713863,-672.1031967696998,-0.0,-672.1922489179002,-673.0741210485952,-3.555170985833057,-0.0,-2.9314035282000375,-0.3324660150297944,-15913.440196640215,-15930.795760831998,-15930.355566445873,-0.0,-672.0999014045034,-672.0995526422107,-672.1337217894769,-672.1010775399886,-672.1031967696998,-0.0,-672.0999014045034,-672.1337217894769,-672.1003060827304,-672.3241552910707,-672.7121710744675,-672.1922489179002,-673.0741210485952,-672.7121710744675,-672.1011121256428,-673.0741210485952,-0.0,-672.1024047892689,-673.0741210485952,-0.0,-672.0993331349626,-0.0,-672.1922489179002,-672.7121710744675,-686.7444480521535,-672.1010775399886,-672.0996338210401,-672.1003060827304,-0.0,-672.0999014045034,-672.1913783034599,-672.1004154962993,-672.0999187135058,-0.0,-672.1913783034599,-672.1004154962993,-0.0,-0.0,-672.1922489179002,-672.7121710744675,-0.0,-4.0234479757291295,-0.0,-17.575436084054132,-0.0,-0.0,-672.1031967696998,-673.8395277219612,-672.1010775399886,-672.0996338210401,-672.1031967696998,-672.1024047892689,-0.0,-672.1011121256428,-672.1220568887599,-672.1024047892689,-673.0741210485952,-672.1220568887599,-672.1024047892689,-672.1011121256428,-672.1009266102164,-2.9306119971892075,-0.0,-8.23712102316558,-2.9309067454065056,-0.0,-2.924715806311965,1741.6135032175555,2400.0652843757293,1443.5012580230136,2018.4024304968245,2373.291711746629,2949.356300995745,2489.2672272512873,2143.108830789268,2763.13565008618,-13.342478075996286,-26.418414745406505,-18.424834225319266,2099.116471640791,-15944.95029149808,3475.294596964803,2193.419368956961,2282.552907406273,-13.236725100968401,-18.662631414195054,-17.365779997189208,2076.9641400834407,2087.617822643544,-25.49189730243029,-15948.432809357322,-45.5094999971892,2058.04701496324,2317.8228790277885,-45.496856246488704,1653.4405217140263,2022.45865664684,2877.223251335488,-0.0,-0.0,-0.0,-0.0,-0.0,-0.0,-0.0,-0.0,-0.0,-0.0,-0.0,-0.0,-0.0,-0.0,-0.0,-0.0,-0.0,-0.0,-0.0,-0.0,-0.0,-0.0,-0.0,-0.0,-0.0,-0.0,-0.0,-0.0,-0.0,-0.0,-0.0,110.0,110.0,110.0,110.0,110.0,110.0,110.0,110.0,110.0,110.0,110.0,113.89878430183667,109.99956649719465,109.99989327523933,115.89905135256376,123.29701337085905,109.9996041265211,119.4960534805357,125.17693026811537,109.99820853124207,109.99980341074321,109.99655287388732,114.89826799639152,109.99935876815165,124.99566670677821,109.99963267957888,122.59757063524802,125.49729718815503,129.1941303394611,109.99928623766026,109.99949002540832,109.0694408448811,136.09048746397008,127.02549309137045,125.18151412468738,131.19137534325444,-0.0,132.1887682033539,142.09917364240673,146.04404541261266,134.4846453806075,173.62747862490076
413.3003977515524,403.42530982920573,407.63493453564723,402.07702117760874,399.8257098442349,416.7333367907599,392.95393409725045,400.265685903062,395.4999704825776,392.1487691776371,392.32300197187004,382.45600074310073,389.1247781813978,380.72843138116644,411.56081131289375,398.8008343903362,405.0834584296345,443.54380023018035,411.39469121361765,443.6665105434126,420.88685067065717,497.68754643011437,510.69118531964597,436.09194830698254,456.57102940561975,524.8926399179842,411.04883343388946,414.81959777456507,418.3552752925276,411.4096512469203,411.338038678705,0.0,0.0,0.0,0.0,0.0,0.0,0.0,0.0,0.0,0.0,0.0,0.0,0.0,0.0,0.0,0.0,0.0,0.0,0.0,0.0,0.0,0.0,0.0,0.0,0.0,0.0,0.0,0.0,0.0,0.0,0.0,0.0,90.0,90.0,90.0,90.0,90.0,90.0,90.0,90.0,90.0,90.0,90.0,90.0,90.0,90.0,90.0,90.0,90.0,90.0,90.0,90.0,90.0,90.0,90.0,90.0,90.0,90.0,90.0,90.0,90.0,90.0,90.0,113.89878430183667,109.99956649719465,109.99989327523933,115.89905135256376,123.29701337085905,109.9996041265211,119.4960534805357,125.17693026811537,109.99820853124207,109.99980341074321,109.99655287388732,114.89826799639152,109.99935876815165,124.99566670677821,109.99963267957888,122.59757063524802,125.49729718815503,129.1941303394611,109.99928623766026,109.99949002540832,109.0694408448811,136.09048746397008,127.02549309137045,125.18151412468738,131.19137534325444,-0.0,132.1887682033539,142.09917364240673,146.04404541261266,134.4846453806075,173.62747862490076,3460.3815192903785,3464.2088636112308,3469.066025867486,3467.3401101635495,3455.876299617714,3481.3817500497876,3472.027044087418,3464.2984608407355,3450.120335807554,3459.2834736458763,3454.3265884177554,3463.7162345076554,3470.219135807143,3469.0781566345063,3459.875103194067,3467.175845489342,3473.5057269625704,3477.100773005626,3485.4579697081717,3502.743476602162,3490.135713746507,3487.924990241182,3482.448980076101,3499.0689078941373,3484.3801158053084,-0.0,3481.505280456506,3475.5106339502067,3469.650463003923,3464.986381394971,3517.6451190409725,10459.68948257976,10459.669725609025,10459.723864932661,10459.787663195313,10459.873615852679,10459.411004366417,10459.818924339355,10459.912194192468,10459.56553837348,10459.457044102888,10459.337990382888,10459.615988493655,10459.239436616412,10459.609219226571,10459.547046778118,10459.73988656475,10459.676961359704,10459.635686316049,10458.765790991623,10459.141818862188,10459.4782307265,10459.785652211525,10459.812676861036,10459.70120963887,10459.765840505734,-0.0,10459.809694095522,10459.897964242426,10459.989251665113,10459.95733725285,10459.970781761895,-2.9312941146310587,-1.7530373356040698,-0.0,-0.0,-672.0996338210401,-672.1031967696998,-0.0,-0.0,-0.0,-0.0,-672.3241552910707,-672.0993331349626,-0.0,-0.0,-686.7444480521535,-672.1010775399886,-672.0999187135058,-0.0,-0.0,-672.0995973822944,-35.81419443187536,-39.342953678570396,-17.575436084054132,-0.0,-0.0,-2.9305854141950554,-2.9306119971892075,-0.0,-0.0,-0.0,-15929.178784259457,-672.0996239652885,-672.0995973822944,-672.0990119680994,-672.0996338210401,-0.0,-0.0,-672.7121710744675,-0.0,-0.0,-673.8395277219612,-672.0995526422107,-672.1337217894769,-672.1003060827304,-672.0993331349626,-672.7121710744675,-672.1003060827304,-0.0,-672.3241552910707,-672.0993331349626,-0.0,-0.0,-0.0,-0.0,-3.1551433229713863,-672.1031967696998,-0.0,-672.1922489179002,-673.0741210485952,-3.555170985833057,-0.0,-2.9314035282000375,-0.3324660150297944,-15913.440196640215,-15930.795760831998,-15930.355566445873,-0.0,-672.0999014045034,-672.0995526422107,-672.1337217894769,-672.1010775399886,-672.1031967696998,-0.0,-672.0999014045034,-672.1337217894769,-672.1003060827304,-672.3241552910707,-672.7121710744675,-672.1922489179002,-673.0741210485952,-672.7121710744675,-672.1011121256428,-673.0741210485952,-0.0,-672.1024047892689,-673.0741210485952,-0.0,-672.0993331349626,-0.0,-672.1922489179002,-672.7121710744675,-686.7444480521535,-672.1010775399886,-672.0996338210401,-672.1003060827304,-0.0,-672.0999014045034,-672.1913783034599,-672.1004154962993,-672.0999187135058,-0.0,-672.1913783034599,-672.1004154962993,-0.0,-0.0,-672.1922489179002,-672.7121710744675,-0.0,-4.0234479757291295,-0.0,-17.575436084054132,-0.0,-0.0,-672.1031967696998,-673.8395277219612,-672.1010775399886,-672.0996338210401,-672.1031967696998,-672.1024047892689,-0.0,-672.1011121256428,-672.1220568887599,-672.1024047892689,-673.0741210485952,-672.1220568887599,-672.1024047892689,-672.1011121256428,-672.1009266102164,-2.9306119971892075,-0.0,-8.23712102316558,-2.9309067454065056,-0.0,-2.924715806311965,1741.6135032175555,2400.0652843757293,1443.5012580230136,2018.4024304968245,2373.291711746629,2949.356300995745,2489.2672272512873,2143.108830789268,2763.13565008618,-13.342478075996286,-26.418414745406505,-18.424834225319266,2099.116471640791,-15944.95029149808,3475.294596964803,2193.419368956961,2282.552907406273,-13.236725100968401,-18.662631414195054,-17.365779997189208,2076.9641400834407,2087.617822643544,-25.49189730243029,-15948.432809357322,-45.5094999971892,2058.04701496324,2317.8228790277885,-45.496856246488704,1653.4405217140263,2022.45865664684,2877.223251335488,-0.0,-0.0,-0.0,-0.0,-0.0,-0.0,-0.0,-0.0,-0.0,-0.0,-0.0,-0.0,-0.0,-0.0,-0.0,-0.0,-0.0,-0.0,-0.0,-0.0,-0.0,-0.0,-0.0,-0.0,-0.0,-0.0,-0.0,-0.0,-0.0,-0.0,-0.0,110.0,110.0,110.0,110.0,110.0,110.0,110.0,110.0,110.0,110.0,110.0,113.89878430183667,109.99956649719465,109.99989327523933,115.89905135256376,123.29701337085905,109.9996041265211,119.4960534805357,125.17693026811537,109.99820853124207,109.99980341074321,109.99655287388732,114.89826799639152,109.99935876815165,124.99566670677821,109.99963267957888,122.59757063524802,125.49729718815503,129.1941303394611,109.99928623766026,109.99949002540832,109.0694408448811,136.09048746397008,127.02549309137045,125.18151412468738,131.19137534325444,-0.0,132.1887682033539,142.09917364240673,146.04404541261266,134.4846453806075,173.62747862490076
505.71753393365884,495.56159160379633,498.7555008404877,488.81294379485087,491.92645062070517,512.774522665205,492.5504273839731,501.6169594356044,475.01653570945797,474.46576591702143,472.2474803313503,462.67310649901066,468.25440084464884,497.4932101008212,505.441170710178,494.0760183936169,501.75039965694793,511.664097528699,461.3586105972349,486.1579634020361,471.12416687539474,506.6771181835665,510.781175889441,491.3306524113222,496.47568540999015,525.9260673007741,498.7183769925489,502.86769096916265,507.1310234929761,498.7311340657922,498.5730501392458,0.0,0.0,0.0,0.0,0.0,0.0,0.0,0.0,0.0,0.0,0.0,0.0,0.0,0.0,0.0,0.0,0.0,0.0,0.0,0.0,0.0,0.0,0.0,0.0,0.0,0.0,0.0,0.0,0.0,0.0,0.0,0.0,90.0,90.0,90.0,90.0,90.0,90.0,90.0,90.0,90.0,90.0,90.0,90.0,90.0,90.0,90.0,90.0,90.0,90.0,90.0,90.0,90.0,90.0,90.0,90.0,90.0,90.0,90.0,90.0,90.0,90.0,90.0,113.89878430183667,109.99956649719465,109.99989327523933,115.89905135256376,123.29701337085905,109.9996041265211,119.4960534805357,125.17693026811537,109.99820853124207,109.99980341074321,109.99655287388732,114.89826799639152,109.99935876815165,124.99566670677821,109.99963267957888,122.59757063524802,125.49729718815503,129.1941303394611,109.99928623766026,109.99949002540832,109.0694408448811,136.09048746397008,127.02549309137045,125.18151412468738,131.19137534325444,-0.0,132.1887682033539,142.09917364240673,146.04404541261266,134.4846453806075,173.62747862490076,3460.3815192903785,3464.2088636112308,3469.066025867486,3467.3401101635495,3455.876299617714,3481.3817500497876,3472.027044087418,3464.2984608407355,3450.120335807554,3459.2834736458763,3454.3265884177554,3463.7162345076554,3470.219135807143,3469.0781566345063,3459.875103194067,3467.175845489342,3473.5057269625704,3477.100773005626,3485.4579697081717,3502.743476602162,3490.135713746507,3487.924990241182,3482.448980076101,3499.0689078941373,3484.3801158053084,-0.0,3481.505280456506,3475.5106339502067,3469.650463003923,3464.986381394971,3517.6451190409725,10459.68948257976,10459.669725609025,10459.723864932661,10459.787663195313,10459.873615852679,10459.411004366417,10459.818924339355,10459.912194192468,10459.56553837348,10459.457044102888,10459.337990382888,10459.615988493655,10459.239436616412,10459.609219226571,10459.547046778118,10459.73988656475,10459.676961359704,10459.635686316049,10458.765790991623,10459.141818862188,10459.4782307265,10459.785652211525,10459.812676861036,10459.70120963887,10459.765840505734,-0.0,10459.809694095522,10459.897964242426,10459.989251665113,10459.95733725285,10459.970781761895,-2.9312941146310587,-1.7530373356040698,-0.0,-0.0,-672.0996338210401,-672.1031967696998,-0.0,-0.0,-0.0,-0.0,-672.3241552910707,-672.0993331349626,-0.0,-0.0,-686.7444480521535,-672.1010775399886,-672.0999187135058,-0.0,-0.0,-672.0995973822944,-35.81419443187536,-39.342953678570396,-17.575436084054132,-0.0,-0.0,-2.9305854141950554,-2.9306119971892075,-0.0,-0.0,-0.0,-15929.178784259457,-672.0996239652885,-672.0995973822944,-672.0990119680994,-672.0996338210401,-0.0,-0.0,-672.7121710744675,-0.0,-0.0,-673.8395277219612,-672.0995526422107,-672.1337217894769,-672.1003060827304,-672.0993331349626,-672.7121710744675,-672.1003060827304,-0.0,-672.3241552910707,-672.0993331349626,-0.0,-0.0,-0.0,-0.0,-3.1551433229713863,-672.1031967696998,-0.0,-672.1922489179002,-673.0741210485952,-3.555170985833057,-0.0,-2.9314035282000375,-0.3324660150297944,-15913.440196640215,-15930.795760831998,-15930.355566445873,-0.0,-672.0999014045034,-672.0995526422107,-672.1337217894769,-672.1010775399886,-672.1031967696998,-0.0,-672.0999014045034,-672.1337217894769,-672.1003060827304,-672.3241552910707,-672.7121710744675,-672.1922489179002,-673.0741210485952,-672.7121710744675,-672.1011121256428,-673.0741210485952,-0.0,-672.1024047892689,-673.0741210485952,-0.0,-672.0993331349626,-0.0,-672.1922489179002,-672.7121710744675,-686.7444480521535,-672.1010775399886,-672.0996338210401,-672.1003060827304,-0.0,-672.0999014045034,-672.1913783034599,-672.1004154962993,-672.0999187135058,-0.0,-672.1913783034599,-672.1004154962993,-0.0,-0.0,-672.1922489179002,-672.7121710744675,-0.0,-4.0234479757291295,-0.0,-17.575436084054132,-0.0,-0.0,-672.1031967696998,-673.8395277219612,-672.1010775399886,-672.0996338210401,-672.1031967696998,-672.1024047892689,-0.0,-672.1011121256428,-672.1220568887599,-672.1024047892689,-673.0741210485952,-672.1220568887599,-672.1024047892689,-672.1011121256428,-672.1009266102164,-2.9306119971892075,-0.0,-8.23712102316558,-2.9309067454065056,-0.0,-2.924715806311965,1741.6135032175555,2400.0652843757293,1443.5012580230136,2018.4024304968245,2373.291711746629,2949.356300995745,2489.2672272512873,2143.108830789268,2763.13565008618,-13.342478075996286,-26.418414745406505,-18.424834225319266,2099.116471640791,-15944.95029149808,3475.294596964803,2193.419368956961,2282.552907406273,-13.236725100968401,-18.662631414195054,-17.365779997189208,2076.9641400834407,2087.617822643544,-25.49189730243029,-15948.432809357322,-45.5094999971892,2058.04701496324,2317.8228790277885,-45.496856246488704,1653.4405217140263,2022.45865664684,2877.223251335488,-0.0,-0.0,-0.0,-0.0,-0.0,-0.0,-0.0,-0.0,-0.0,-0.0,-0.0,-0.0,-0.0,-0.0,-0.0,-0.0,-0.0,-0.0,-0.0,-0.0,-0.0,-0.0,-0.0,-0.0,-0.0,-0.0,-0.0,-0.0,-0.0,-0.0,-0.0,110.0,110.0,110.0,110.0,110.0,110.0,110.0,110.0,110.0,110.0,110.0,113.89878430183667,109.99956649719465,109.99989327523933,115.89905135256376,123.29701337085905,109.9996041265211,119.4960534805357,125.17693026811537,109.99820853124207,109.99980341074321,109.99655287388732,114.89826799639152,109.99935876815165,124.99566670677821,109.99963267957888,122.59757063524802,125.49729718815503,129.1941303394611,109.99928623766026,109.99949002540832,109.0694408448811,136.09048746397008,127.02549309137045,125.18151412468738,131.19137534325444,-0.0,132.1887682033539,142.09917364240673,146.04404541261266,134.4846453806075,173.62747862490076
534.3800261978902,526.8098704927538,523.8850993724618,513.4229621973828,514.3641224161987,531.5490909199907,505.5921403259284,515.3621458516341,533.2178489506521,529.1553801630909,537.2381385343245,515.7939712203557,541.3048883514302,514.9258942231982,531.1718626647001,506.63877170747946,510.8403783938038,514.9780320392484,492.7999242592925,506.6864963380825,505.07816730730275,514.7283038345225,510.79314867945664,501.36402739547054,496.4991418095062,525.9500224000315,510.9096103215915,507.1412984220283,511.35583560317303,502.95657711938355,507.62633265595485,0.0,0.0,0.0,0.0,0.0,0.0,0.0,0.0,0.0,0.0,0.0,0.0,0.0,0.0,0.0,0.0,0.0,0.0,0.0,0.0,0.0,0.0,0.0,0.0,0.0,0.0,0.0,0.0,0.0,0.0,0.0,0.0,90.0,90.0,90.0,90.0,90.0,90.0,90.0,90.0,90.0,90.0,90.0,90.0,90.0,90.0,90.0,90.0,90.0,90.0,90.0,90.0,90.0,90.0,90.0,90.0,90.0,90.0,90.0,90.0,90.0,90.0,90.0,113.89878430183667,109.99956649719465,109.99989327523933,115.89905135256376,123.29701337085905,109.9996041265211,119.4960534805357,125.17693026811537,109.99820853124207,109.99980341074321,109.99655287388732,114.89826799639152,109.99935876815165,124.99566670677821,109.99963267957888,122.59757063524802,125.49729718815503,129.1941303394611,109.99928623766026,109.99949002540832,109.0694408448811,136.09048746397008,127.02549309137045,125.18151412468738,131.19137534325444,-0.0,132.1887682033539,142.09917364240673,146.04404541261266,134.4846453806075,173.62747862490076,3460.3815192903785,3464.2088636112308,3469.066025867486,3467.3401101635495,3455.876299617714,3481.3817500497876,3472.027044087418,3464.2984608407355,3450.120335807554,3459.2834736458763,3454.3265884177554,3463.7162345076554,3470.219135807143,3469.0781566345063,3459.875103194067,3467.175845489342,3473.5057269625704,3477.100773005626,3485.4579697081717,3502.743476602162,3490.135713746507,3487.924990241182,3482.448980076101,3499.0689078941373,3484.3801158053084,-0.0,3481.505280456506,3475.5106339502067,3469.650463003923,3464.986381394971,3517.6451190409725,10459.68948257976,10459.669725609025,10459.723864932661,10459.787663195313,10459.873615852679,10459.411004366417,10459.818924339355,10459.912194192468,10459.56553837348,10459.457044102888,10459.337990382888,10459.615988493655,10459.239436616412,10459.609219226571,10459.547046778118,10459.73988656475,10459.676961359704,10459.635686316049,10458.765790991623,10459.141818862188,10459.4782307265,10459.785652211525,10459.812676861036,10459.70120963887,10459.765840505734,-0.0,10459.809694095522,10459.897964242426,10459.989251665113,10459.95733725285,10459.970781761895,-16062.987581349013,-16061.809324569986,-16059.350331570246,-16052.521087673003,-672.0996338210401,-672.1031967696998,-0.0,-0.0,-0.0,-0.0,-672.3241552910707,-672.0993331349626,-0.0,-0.0,-686.7444480521535,-672.1010775399886,-672.0999187135058,-0.0,-0.0,-672.0995973822944,-35.81419443187536,-39.342953678570396,-17.575436084054132,-0.0,-0.0,-2.9305854141950554,-2.9306119971892075,-0.0,-0.0,-0.0,-15929.178784259457,-672.0996239652885,-672.0995973822944,-672.0990119680994,-672.0996338210401,-0.0,-0.0,-672.7121710744675,-0.0,-0.0,-673.8395277219612,-672.0995526422107,-672.1337217894769,-672.1003060827304,-672.0993331349626,-672.7121710744675,-672.1003060827304,-0.0,-672.3241552910707,-672.0993331349626,-16041.378631083133,-16046.638546229171,-16041.894693246499,-16044.440146331446,-16063.211430557352,-672.1031967696998,-0.0,-672.1922489179002,-673.0741210485952,-5.430729134326935,-0.0,-2.9314035282000375,-2.2080241635236724,-15913.440196640215,-15930.795760831998,-15930.355566445873,-0.0,-672.0999014045034,-672.0995526422107,-672.1337217894769,-672.1010775399886,-672.1031967696998,-0.0,-672.0999014045034,-672.1337217894769,-672.1003060827304,-672.3241552910707,-672.7121710744675,-672.1922489179002,-673.0741210485952,-672.7121710744675,-672.1011121256428,-673.0741210485952,-0.0,-672.1024047892689,-673.0741210485952,-0.0,-672.0993331349626,-0.0,-672.1922489179002,-672.7121710744675,-686.7444480521535,-672.1010775399886,-672.0996338210401,-672.1003060827304,-0.0,-672.0999014045034,-672.1913783034599,-672.1004154962993,-672.0999187135058,-0.0,-672.1913783034599,-672.1004154962993,-0.0,-0.0,-672.1922489179002,-672.7121710744675,-0.0,-5.83129171997809,-0.0,-17.575436084054132,-0.0,-0.2947191619899178,-672.1031967696998,-673.8395277219612,-672.1010775399886,-672.0996338210401,-672.1031967696998,-672.1024047892689,-0.0,-672.1011121256428,-672.1220568887599,-672.1024047892689,-673.0741210485952,-672.1220568887599,-672.1024047892689,-672.1011121256428,-672.1009266102164,-2.9306119971892075,-0.0,-8.23712102316558,-2.9309067454065056,-0.0,-2.924715806311965,1741.6135032175555,2400.0652843757293,1443.5012580230136,2018.4024304968245,2373.291711746629,2949.356300995745,2489.2672272512873,2143.108830789268,2763.13565008618,-15.218036224490165,-26.418414745406505,-16078.481121459701,2099.116471640791,-15944.95029149808,3475.294596964803,2193.419368956961,2282.552907406273,-16073.29301233535,-18.662631414195054,-17.365779997189208,2076.9641400834407,2087.617822643544,-27.29974104667925,-15948.432809357322,-45.5094999971892,2058.04701496324,2317.8228790277885,-45.496856246488704,1653.4405217140263,2022.45865664684,2877.223251335488,-0.0,-0.0,-0.0,-0.0,-0.0,-0.0,-0.0,-0.0,-0.0,-0.0,-0.0,-0.0,-0.0,-0.0,-0.0,-0.0,-0.0,-0.0,-0.0,-0.0,-0.0,-0.0,-0.0,-0.0,-0.0,-0.0,-0.0,-0.0,-0.0,-0.0,-0.0,110.0,110.0,110.0,110.0,110.0,110.0,110.0,110.0,110.0,110.0,110.0,113.89878430183667,109.99956649719465,109.99989327523933,115.89905135256376,123.29701337085905,109.9996041265211,119.4960534805357,125.17693026811537,109.99820853124207,109.99980341074321,109.99655287388732,114.89826799639152,109.99935876815165,124.99566670677821,109.99963267957888,122.59757063524802,125.49729718815503,129.1941303394611,109.99928623766026,109.99949002540832,109.0694408448811,136.09048746397008,127.02549309137045,125.18151412468738,131.19137534325444,-0.0,132.1887682033539,142.09917364240673,146.04404541261266,134.4846453806075,173.62747862490076
536.7504369606244,532.6809048039253,526.0584674912063,515.5582969305933,515.7868365811647,531.7027909153461,505.6840815757305,515.4168757209409,548.7848141573037,543.9504660079042,544.5024973483245,520.1522346354398,541.590992121165,518.8198812385367,533.2014516047468,508.19402589345566,510.853843147647,515.0031662176327,531.1481096086366,512.0239615055306,544.5525403938537,514.7599781205666,510.7942259498519,501.5009364985446,496.5015227641522,525.9888887467582,511.53702527521983,507.3470368816441,511.371306477014,509.10798819654497,507.6350427016223,0.0,0.0,0.0,0.0,0.0,0.0,0.0,0.0,0.0,0.0,0.0,0.0,0.0,0.0,0.0,0.0,0.0,0.0,0.0,0.0,0.0,0.0,0.0,0.0,0.0,0.0,0.0,0.0,0.0,0.0,0.0,0.0,90.0,90.0,90.0,90.0,90.0,90.0,90.0,90.0,90.0,90.0,90.0,90.0,90.0,90.0,90.0,90.0,90.0,90.0,90.0,90.0,90.0,90.0,90.0,90.0,90.0,90.0,90.0,90.0,90.0,90.0,90.0,113.89878430183667,109.99956649719465,109.99989327523933,115.89905135256376,123.29701337085905,109.9996041265211,119.4960534805357,125.17693026811537,109.99820853124207,109.99980341074321,109.99655287388732,114.89826799639152,109.99935876815165,124.99566670677821,109.99963267957888,122.59757063524802,125.49729718815503,129.1941303394611,109.99928623766026,109.99949002540832,109.0694408448811,136.09048746397008,127.02549309137045,125.18151412468738,131.19137534325444,-0.0,132.1887682033539,142.09917364240673,146.04404541261266,134.4846453806075,173.62747862490076,3460.3815192903785,3464.2088636112308,3469.066025867486,3467.3401101635495,3455.876299617714,3481.3817500497876,3472.027044087418,3464.2984608407355,3450.120335807554,3459.2834736458763,3454.3265884177554,3463.7162345076554,3470.219135807143,3469.0781566345063,3459.875103194067,3467.175845489342,3473.5057269625704,3477.100773005626,3485.4579697081717,3502.743476602162,3490.135713746507,3487.924990241182,3482.448980076101,3499.0689078941373,3484.3801158053084,-0.0,3481.505280456506,3475.5106339502067,3469.650463003923,3464.986381394971,3517.6451190409725,10459.68948257976,10459.669725609025,10459.723864932661,10459.787663195313,10459.873615852679,10459.411004366417,10459.818924339355,10459.912194192468,10459.56553837348,10459.457044102888,10459.337990382888,10459.615988493655,10459.239436616412,10459.609219226571,10459.547046778118,10459.73988656475,10459.676961359704,10459.635686316049,10458.765790991623,10459.141818862188,10459.4782307265,10459.785652211525,10459.812676861036,10459.70120963887,10459.765840505734,-0.0,10459.809694095522,10459.897964242426,10459.989251665113,10459.95733725285,10459.970781761895,-2.9312941146310587,-1.7530373356040698,-0.0,-0.0,-672.0996338210401,-672.1031967696998,-0.0,-0.0,-0.0,-0.0,-672.3241552910707,-672.0993331349626,-0.0,-0.0,-686.7444480521535,-672.1010775399886,-672.0999187135058,-0.0,-0.0,-672.0995973822944,-35.81419443187536,-39.342953678570396,-17.575436084054132,-0.0,-0.0,-2.9305854141950554,-2.9306119971892075,-0.0,-0.0,-0.0,-15929.178784259457,-672.0996239652885,-672.0995973822944,-672.0990119680994,-672.0996338210401,-0.0,-0.0,-672.7121710744675,-0.0,-0.0,-673.8395277219612,-672.0995526422107,-672.1337217894769,-672.1003060827304,-672.0993331349626,-672.7121710744675,-672.1003060827304,-0.0,-672.3241552910707,-672.0993331349626,-0.0,-0.0,-0.0,-0.0,-3.1551433229713863,-672.1031967696998,-0.0,-672.1922489179002,-673.0741210485952,-3.555170985833057,-0.0,-2.9314035282000375,-0.3324660150297944,-15913.440196640215,-15930.795760831998,-15930.355566445873,-0.0,-672.0999014045034,-672.0995526422107,-672.1337217894769,-672.1010775399886,-672.1031967696998,-0.0,-672.0999014045034,-672.1337217894769,-672.1003060827304,-672.3241552910707,-672.7121710744675,-672.1922489179002,-673.0741210485952,-672.7121710744675,-672.1011121256428,-673.0741210485952,-0.0,-672.1024047892689,-673.0741210485952,-0.0,-672.0993331349626,-0.0,-672.1922489179002,-672.7121710744675,-686.7444480521535,-672.1010775399886,-672.0996338210401,-672.1003060827304,-0.0,-672.0999014045034,-672.1913783034599,-672.1004154962993,-672.0999187135058,-0.0,-672.1913783034599,-672.1004154962993,-0.0,-0.0,-672.1922489179002,-672.7121710744675,-0.0,-4.0234479757291295,-0.0,-17.575436084054132,-0.0,-0.0,-672.1031967696998,-673.8395277219612,-672.1010775399886,-672.0996338210401,-672.1031967696998,-672.1024047892689,-0.0,-672.1011121256428,-672.1220568887599,-672.1024047892689,-673.0741210485952,-672.1220568887599,-672.1024047892689,-672.1011121256428,-672.1009266102164,-2.9306119971892075,-0.0,-8.23712102316558,-2.9309067454065056,-0.0,-2.924715806311965,1741.6135032175555,2400.0652843757293,1443.5012580230136,2018.4024304968245,2373.291711746629,2949.356300995745,2489.2672272512873,2143.108830789268,2763.13565008618,-13.342478075996286,-26.418414745406505,-18.424834225319266,2099.116471640791,-15944.95029149808,3475.294596964803,2193.419368956961,2282.552907406273,-13.236725100968401,-18.662631414195054,-17.365779997189208,2076.9641400834407,2087.617822643544,-25.49189730243029,-15948.432809357322,-45.5094999971892,2058.04701496324,2317.8228790277885,-45.496856246488704,1653.4405217140263,2022.45865664684,2877.223251335488,-0.0,-0.0,-0.0,-0.0,-0.0,-0.0,-0.0,-0.0,-0.0,-0.0,-0.0,-0.0,-0.0,-0.0,-0.0,-0.0,-0.0,-0.0,-0.0,-0.0,-0.0,-0.0,-0.0,-0.0,-0.0,-0.0,-0.0,-0.0,-0.0,-0.0,-0.0,110.0,110.0,110.0,110.0,110.0,110.0,110.0,110.0,110.0,110.0,110.0,113.89878430183667,109.99956649719465,109.99989327523933,115.89905135256376,123.29701337085905,109.9996041265211,119.4960534805357,125.17693026811537,109.99820853124207,109.99980341074321,109.99655287388732,114.89826799639152,109.99935876815165,124.99566670677821,109.99963267957888,122.59757063524802,125.49729718815503,129.1941303394611,109.99928623766026,109.99949002540832,109.0694408448811,136.09048746397008,127.02549309137045,125.18151412468738,131.19137534325444,-0.0,132.1887682033539,142.09917364240673,146.04404541261266,134.4846453806075,173.62747862490076
537.0254952590635,533.3367067383747,526.3130388180329,515.8307056003293,516.0526406327278,531.8266242681124,505.7099051700096,515.4603334728913,549.1975317239887,547.7137091988847,544.7935427003868,520.1767953543826,541.6166513928292,520.0490793627775,533.2706688492465,514.4076040447458,510.8568836242946,515.0111348082013,531.3349473804811,512.0281689439687,544.9450737772385,514.8032059881565,510.795286726758,501.51521861981337,496.5021037314489,525.9996988964408,511.569120480279,507.36332742658465,511.37339979533925,509.38476269989485,507.6471043479972,0.0,0.0,0.0,0.0,0.0,0.0,0.0,0.0,0.0,0.0,0.0,0.0,0.0,0.0,0.0,0.0,0.0,0.0,0.0,0.0,0.0,0.0,0.0,0.0,0.0,0.0,0.0,0.0,0.0,0.0,0.0,0.0,90.0,90.0,90.0,90.0,90.0,90.0,90.0,90.0,90.0,90.0,90.0,90.0,90.0,90.0,90.0,90.0,90.0,90.0,90.0,90.0,90.0,90.0,90.0,90.0,90.0,90.0,90.0,90.0,90.0,90.0,90.0,113.89878430183667,109.99956649719465,109.99989327523933,115.89905135256376,123.29701337085905,109.9996041265211,119.4960534805357,125.17693026811537,109.99820853124207,109.99980341074321,109.99655287388732,114.89826799639152,109.99935876815165,124.99566670677821,109.99963267957888,122.59757063524802,125.49729718815503,129.1941303394611,109.99928623766026,109.99949002540832,109.0694408448811,136.09048746397008,127.02549309137045,125.18151412468738,131.19137534325444,-0.0,132.1887682033539,142.09917364240673,146.04404541261266,134.4846453806075,173.62747862490076,3460.3815192903785,3464.2088636112308,3469.066025867486,3467.3401101635495,3455.876299617714,3481.3817500497876,3472.027044087418,3464.2984608407355,3450.120335807554,3459.2834736458763,3454.3265884177554,3463.7162345076554,3470.219135807143,3469.0781566345063,3459.875103194067,3467.175845489342,3473.5057269625704,3477.100773005626,3485.4579697081717,3502.743476602162,3490.135713746507,3487.924990241182,3482.448980076101,3499.0689078941373,3484.3801158053084,-0.0,3481.505280456506,3475.5106339502067,3469.650463003923,3464.986381394971,3517.6451190409725,10459.68948257976,10459.669725609025,10459.723864932661,10459.787663195313,10459.873615852679,10459.411004366417,10459.818924339355,10459.912194192468,10459.56553837348,10459.457044102888,10459.337990382888,10459.615988493655,10459.239436616412,10459.609219226571,10459.547046778118,10459.73988656475,10459.676961359704,10459.635686316049,10458.765790991623,10459.141818862188,10459.4782307265,10459.785652211525,10459.812676861036,10459.70120963887,10459.765840505734,-0.0,10459.809694095522,10459.897964242426,10459.989251665113,10459.95733725285,10459.970781761895,-2.9312941146310587,-1.7530373356040698,-0.0,-0.0,-672.0996338210401,-672.1031967696998,-0.0,-0.0,-0.0,-0.0,-672.3241552910707,-672.0993331349626,-0.0,-0.0,-686.7444480521535,-672.1010775399886,-672.0999187135058,-0.0,-0.0,-672.0995973822944,-35.81419443187536,-39.342953678570396,-17.575436084054132,-0.0,-0.0,-2.9305854141950554,-2.9306119971892075,-0.0,-0.0,-0.0,-15929.178784259457,-672.0996239652885,-672.0995973822944,-672.0990119680994,-672.0996338210401,-0.0,-0.0,-672.7121710744675,-0.0,-0.0,-673.8395277219612,-672.0995526422107,-672.1337217894769,-672.1003060827304,-672.0993331349626,-672.7121710744675,-672.1003060827304,-0.0,-672.3241552910707,-672.0993331349626,-0.0,-0.0,-0.0,-0.0,-3.1551433229713863,-672.1031967696998,-0.0,-672.1922489179002,-673.0741210485952,-3.555170985833057,-0.0,-2.9314035282000375,-0.3324660150297944,-15913.440196640215,-15930.795760831998,-15930.355566445873,-0.0,-672.0999014045034,-672.0995526422107,-672.1337217894769,-672.1010775399886,-672.1031967696998,-0.0,-672.0999014045034,-672.1337217894769,-672.1003060827304,-672.3241552910707,-672.7121710744675,-672.1922489179002,-673.0741210485952,-672.7121710744675,-672.1011121256428,-673.0741210485952,-0.0,-672.1024047892689,-673.0741210485952,-0.0,-672.0993331349626,-0.0,-672.1922489179002,-672.7121710744675,-686.7444480521535,-672.1010775399886,-672.0996338210401,-672.1003060827304,-0.0,-672.0999014045034,-672.1913783034599,-672.1004154962993,-672.0999187135058,-0.0,-672.1913783034599,-672.1004154962993,-0.0,-0.0,-672.1922489179002,-672.7121710744675,-0.0,-4.0234479757291295,-0.0,-17.575436084054132,-0.0,-0.0,-672.1031967696998,-673.8395277219612,-672.1010775399886,-672.0996338210401,-672.1031967696998,-672.1024047892689,-0.0,-672.1011121256428,-672.1220568887599,-672.1024047892689,-673.0741210485952,-672.1220568887599,-672.1024047892689,-672.1011121256428,-672.1009266102164,-2.9306119971892075,-0.0,-8.23712102316558,-2.9309067454065056,-0.0,-2.924715806311965,1741.6135032175555,2400.0652843757293,1443.5012580230136,2018.4024304968245,2373.291711746629,2949.356300995745,2489.2672272512873,2143.108830789268,2763.13565008618,-13.342478075996286,-26.418414745406505,-18.424834225319266,2099.116471640791,-15944.95029149808,3475.294596964803,2193.419368956961,2282.552907406273,-13.236725100968401,-18.662631414195054,-17.365779997189208,2076.9641400834407,2087.617822643544,-25.49189730243029,-15948.432809357322,-45.5094999971892,2058.04701496324,2317.8228790277885,-45.496856246488704,1653.4405217140263,2022.45865664684,2877.223251335488,-0.0,-0.0,-0.0,-0.0,-0.0,-0.0,-0.0,-0.0,-0.0,-0.0,-0.0,-0.0,-0.0,-0.0,-0.0,-0.0,-0.0,-0.0,-0.0,-0.0,-0.0,-0.0,-0.0,-0.0,-0.0,-0.0,-0.0,-0.0,-0.0,-0.0,-0.0,110.0,110.0,110.0,110.0,110.0,110.0,110.0,110.0,110.0,110.0,110.0,113.89878430183667,109.99956649719465,109.99989327523933,115.89905135256376,123.29701337085905,109.9996041265211,119.4960534805357,125.17693026811537,109.99820853124207,109.99980341074321,109.99655287388732,114.89826799639152,109.99935876815165,124.99566670677821,109.99963267957888,122.59757063524802,125.49729718815503,129.1941303394611,109.99928623766026,109.99949002540832,109.0694408448811,136.09048746397008,127.02549309137045,125.18151412468738,131.19137534325444,-0.0,132.1887682033539,142.09917364240673,146.04404541261266,134.4846453806075,173.62747862490076
537.3779524916333,533.73974147462,526.6516908090485,516.165140325749,516.3966132319258,531.7332297319991,505.72586727568836,515.4781319345859,549.4435744085516,549.2727140191332,545.9547822858087,520.2561989758219,541.7139079646824,525.3324151538579,533.5162097256035,514.4897460870255,510.8610721374217,515.059644996425,531.4163481533282,512.0329899107654,545.2001251771732,514.779449808898,510.7973068487067,501.52204888469504,496.502810356954,526.0030254274142,511.574097255279,507.3703936652402,511.37571931147056,510.46773322257894,507.6473664261916,0.0,0.0,0.0,0.0,0.0,0.0,0.0,0.0,0.0,0.0,0.0,0.0,0.0,0.0,0.0,0.0,0.0,0.0,0.0,0.0,0.0,0.0,0.0,0.0,0.0,0.0,0.0,0.0,0.0,0.0,0.0,0.0,90.0,90.0,90.0,90.0,90.0,90.0,90.0,90.0,90.0,90.0,90.0,90.0,90.0,90.0,90.0,90.0,90.0,90.0,90.0,90.0,90.0,90.0,90.0,90.0,90.0,90.0,90.0,90.0,90.0,90.0,90.0,113.89878430183667,109.99956649719465,109.99989327523933,115.89905135256376,123.29701337085905,109.9996041265211,119.4960534805357,125.17693026811537,109.99820853124207,109.99980341074321,109.99655287388732,114.89826799639152,109.99935876815165,124.99566670677821,109.99963267957888,122.59757063524802,125.49729718815503,129.1941303394611,109.99928623766026,109.99949002540832,109.0694408448811,136.09048746397008,127.02549309137045,125.18151412468738,131.19137534325444,-0.0,132.1887682033539,142.09917364240673,146.04404541261266,134.4846453806075,173.62747862490076,3460.3815192903785,3464.2088636112308,3469.066025867486,3467.3401101635495,3455.876299617714,3481.3817500497876,3472.027044087418,3464.2984608407355,3450.120335807554,3459.2834736458763,3454.3265884177554,3463.7162345076554,3470.219135807143,3469.0781566345063,3459.875103194067,3467.175845489342,3473.5057269625704,3477.100773005626,3485.4579697081717,3502.743476602162,3490.135713746507,3487.924990241182,3482.448980076101,3499.0689078941373,3484.3801158053084,-0.0,3481.505280456506,3475.5106339502067,3469.650463003923,3464.986381394971,3517.6451190409725,10459.68948257976,10459.669725609025,10459.723864932661,10459.787663195313,10459.873615852679,10459.411004366417,10459.818924339355,10459.912194192468,10459.56553837348,10459.457044102888,10459.337990382888,10459.615988493655,10459.239436616412,10459.609219226571,10459.547046778118,10459.73988656475,10459.676961359704,10459.635686316049,10458.765790991623,10459.141818862188,10459.4782307265,10459.785652211525,10459.812676861036,10459.70120963887,10459.765840505734,-0.0,10459.809694095522,10459.897964242426,10459.989251665113,10459.95733725285,10459.970781761895,-2.9312941146310587,-1.7530373356040698,-0.0,-0.0,-672.0996338210401,-672.1031967696998,-0.0,-0.0,-0.0,-0.0,-672.3241552910707,-672.0993331349626,-0.0,-0.0,-686.7444480521535,-672.1010775399886,-672.0999187135058,-0.0,-0.0,-672.0995973822944,-16095.87048166626,-16099.399240912951,-16077.631723318436,-0.0,-0.0,-2.9305854141950554,-2.9306119971892075,-0.0,-0.0,-0.0,-15929.178784259457,-672.0996239652885,-672.0995973822944,-672.0990119680994,-672.0996338210401,-0.0,-0.0,-672.7121710744675,-0.0,-0.0,-673.8395277219612,-672.0995526422107,-672.1337217894769,-672.1003060827304,-672.0993331349626,-672.7121710744675,-672.1003060827304,-0.0,-672.3241552910707,-672.0993331349626,-0.0,-0.0,-0.0,-0.0,-3.1551433229713863,-672.1031967696998,-0.0,-672.1922489179002,-673.0741210485952,-3.555170985833057,-0.0,-2.9314035282000375,-0.3324660150297944,-15913.440196640215,-15930.795760831998,-15930.355566445873,-0.0,-672.0999014045034,-672.0995526422107,-672.1337217894769,-672.1010775399886,-672.1031967696998,-0.0,-672.0999014045034,-672.1337217894769,-672.1003060827304,-672.3241552910707,-672.7121710744675,-672.1922489179002,-673.0741210485952,-672.7121710744675,-672.1011121256428,-673.0741210485952,-0.0,-672.1024047892689,-673.0741210485952,-0.0,-672.0993331349626,-0.0,-672.1922489179002,-672.7121710744675,-686.7444480521535,-672.1010775399886,-672.0996338210401,-672.1003060827304,-0.0,-672.0999014045034,-672.1913783034599,-672.1004154962993,-672.0999187135058,-0.0,-672.1913783034599,-672.1004154962993,-0.0,-0.0,-672.1922489179002,-672.7121710744675,-0.0,-4.0234479757291295,-0.0,-17.575436084054132,-0.0,-0.0,-672.1031967696998,-673.8395277219612,-672.1010775399886,-672.0996338210401,-672.1031967696998,-672.1024047892689,-0.0,-672.1011121256428,-672.1220568887599,-672.1024047892689,-673.0741210485952,-672.1220568887599,-672.1024047892689,-672.1011121256428,-672.1009266102164,-2.9306119971892075,-0.0,-8.23712102316558,-2.9309067454065056,-0.0,-2.924715806311965,1741.6135032175555,2400.0652843757293,1443.5012580230136,2018.4024304968245,2373.291711746629,2949.356300995745,2489.2672272512873,2143.108830789268,2763.13565008618,-13.342478075996286,-26.418414745406505,-18.424834225319266,2099.116471640791,-15944.95029149808,3475.294596964803,2193.419368956961,2282.552907406273,-13.236725100968401,-18.662631414195054,-17.365779997189208,2076.9641400834407,2087.617822643544,-25.49189730243029,-15948.432809357322,-45.5094999971892,2058.04701496324,2317.8228790277885,-16105.553143480873,1653.4405217140263,2022.45865664684,2877.223251335488,-0.0,-0.0,-0.0,-0.0,-0.0,-0.0,-0.0,-0.0,-0.0,-0.0,-0.0,-0.0,-0.0,-0.0,-0.0,-0.0,-0.0,-0.0,-0.0,-0.0,-0.0,-0.0,-0.0,-0.0,-0.0,-0.0,-0.0,-0.0,-0.0,-0.0,-0.0,110.0,110.0,110.0,110.0,110.0,110.0,110.0,110.0,110.0,110.0,110.0,113.89878430183667,109.99956649719465,109.99989327523933,115.89905135256376,123.29701337085905,109.9996041265211,119.4960534805357,125.17693026811537,109.99820853124207,109.99980341074321,109.99655287388732,114.89826799639152,109.99935876815165,124.99566670677821,109.99963267957888,122.59757063524802,125.49729718815503,129.1941303394611,109.99928623766026,109.99949002540832,109.0694408448811,136.09048746397008,127.02549309137045,125.18151412468738,131.19137534325444,-0.0,132.1887682033539,142.09917364240673,146.04404541261266,134.4846453806075,173.62747862490076
536.9163488109549,530.3745001816515,526.2140914645372,515.7377916755229,516.0633831636155,531.6152214441665,505.71058710624885,515.4565443411547,549.1668203995781,548.829218838851,544.4675829330439,520.238936480352,541.6264281977462,523.3820107704546,533.2584922984661,514.9397050284949,510.8576420098824,515.0081220584756,530.1708180469739,512.0247985873888,544.634746242941,514.7744643324307,510.7959990977242,501.5175351584776,496.50033727468394,525.989493027532,511.5524291433758,507.35837934007054,511.3738761442129,509.0793069289809,507.6366259204868,0.0,0.0,0.0,0.0,0.0,0.0,0.0,0.0,0.0,0.0,0.0,0.0,0.0,0.0,0.0,0.0,0.0,0.0,0.0,0.0,0.0,0.0,0.0,0.0,0.0,0.0,0.0,0.0,0.0,0.0,0.0,0.0,90.0,90.0,90.0,90.0,90.0,90.0,90.0,90.0,90.0,90.0,90.0,90.0,90.0,90.0,90.0,90.0,90.0,90.0,90.0,90.0,90.0,90.0,90.0,90.0,90.0,90.0,90.0,90.0,90.0,90.0,90.0,113.89878430183667,109.99956649719465,109.99989327523933,115.89905135256376,123.29701337085905,109.9996041265211,119.4960534805357,125.17693026811537,109.99820853124207,109.99980341074321,109.99655287388732,114.89826799639152,109.99935876815165,124.99566670677821,109.99963267957888,122.59757063524802,125.49729718815503,129.1941303394611,109.99928623766026,109.99949002540832,109.0694408448811,136.09048746397008,127.02549309137045,125.18151412468738,131.19137534325444,-0.0,132.1887682033539,142.09917364240673,146.04404541261266,134.4846453806075,173.62747862490076,3460.3815192903785,3464.2088636112308,3469.066025867486,3467.3401101635495,3455.876299617714,3481.3817500497876,3472.027044087418,3464.2984608407355,3450.120335807554,3459.2834736458763,3454.3265884177554,3463.7162345076554,3470.219135807143,3469.0781566345063,3459.875103194067,3467.175845489342,3473.5057269625704,3477.100773005626,3485.4579697081717,3502.743476602162,3490.135713746507,3487.924990241182,3482.448980076101,3499.0689078941373,3484.3801158053084,-0.0,3481.505280456506,3475.5106339502067,3469.650463003923,3464.986381394971,3517.6451190409725,10459.68948257976,10459.669725609025,10459.723864932661,10459.787663195313,10459.873615852679,10459.411004366417,10459.818924339355,10459.912194192468,10459.56553837348,10459.457044102888,10459.337990382888,10459.615988493655,10459.239436616412,10459.609219226571,10459.547046778118,10459.73988656475,10459.676961359704,10459.635686316049,10458.765790991623,10459.141818862188,10459.4782307265,10459.785652211525,10459.812676861036,10459.70120963887,10459.765840505734,-0.0,10459.809694095522,10459.897964242426,10459.989251665113,10459.95733725285,10459.970781761895,-2.9312941146310587,-1.7530373356040698,-0.0,-0.0,-672.0996338210401,-672.1031967696998,-0.0,-0.0,-0.0,-0.0,-672.3241552910707,-672.0993331349626,-0.0,-0.0,-686.7444480521535,-672.1010775399886,-672.0999187135058,-0.0,-0.0,-672.0995973822944,-35.81419443187536,-39.342953678570396,-17.575436084054132,-0.0,-0.0,-2.9305854141950554,-2.9306119971892075,-0.0,-0.0,-0.0,-15929.178784259457,-672.0996239652885,-672.0995973822944,-672.0990119680994,-672.0996338210401,-0.0,-0.0,-672.7121710744675,-0.0,-0.0,-673.8395277219612,-672.0995526422107,-672.1337217894769,-672.1003060827304,-672.0993331349626,-672.7121710744675,-672.1003060827304,-0.0,-672.3241552910707,-672.0993331349626,-0.0,-0.0,-0.0,-0.0,-3.1551433229713863,-672.1031967696998,-0.0,-672.1922489179002,-673.0741210485952,-3.555170985833057,-0.0,-2.9314035282000375,-0.3324660150297944,-15913.440196640215,-15930.795760831998,-15930.355566445873,-0.0,-672.0999014045034,-672.0995526422107,-672.1337217894769,-672.1010775399886,-672.1031967696998,-0.0,-672.0999014045034,-672.1337217894769,-672.1003060827304,-672.3241552910707,-672.7121710744675,-672.1922489179002,-673.0741210485952,-672.7121710744675,-672.1011121256428,-673.0741210485952,-0.0,-672.1024047892689,-673.0741210485952,-0.0,-672.0993331349626,-0.0,-672.1922489179002,-672.7121710744675,-686.7444480521535,-672.1010775399886,-672.0996338210401,-672.1003060827304,-0.0,-672.0999014045034,-672.1913783034599,-672.1004154962993,-672.0999187135058,-0.0,-672.1913783034599,-672.1004154962993,-0.0,-0.0,-672.1922489179002,-672.7121710744675,-0.0,-4.0234479757291295,-0.0,-17.575436084054132,-0.0,-0.0,-672.1031967696998,-673.8395277219612,-672.1010775399886,-672.0996338210401,-672.1031967696998,-672.1024047892689,-0.0,-672.1011121256428,-672.1220568887599,-672.1024047892689,-673.0741210485952,-672.1220568887599,-672.1024047892689,-672.1011121256428,-672.1009266102164,-2.9306119971892075,-0.0,-8.23712102316558,-2.9309067454065056,-0.0,-2.924715806311965,1741.6135032175555,2400.0652843757293,1443.5012580230136,2018.4024304968245,2373.291711746629,2949.356300995745,2489.2672272512873,2143.108830789268,2763.13565008618,-13.342478075996286,-26.418414745406505,-18.424834225319266,2099.116471640791,-15944.95029149808,3475.294596964803,2193.419368956961,2282.552907406273,-13.236725100968401,-18.662631414195054,-17.365779997189208,2076.9641400834407,2087.617822643544,-25.49189730243029,-15948.432809357322,-45.5094999971892,2058.04701496324,2317.8228790277885,-45.496856246488704,1653.4405217140263,2022.45865664684,2877.223251335488,-0.0,-0.0,-0.0,-0.0,-0.0,-0.0,-0.0,-0.0,-0.0,-0.0,-0.0,-0.0,-0.0,-0.0,-0.0,-0.0,-0.0,-0.0,-0.0,-0.0,-0.0,-0.0,-0.0,-0.0,-0.0,-0.0,-0.0,-0.0,-0.0,-0.0,-0.0,110.0,110.0,110.0,110.0,110.0,110.0,110.0,110.0,110.0,110.0,110.0,113.89878430183667,109.99956649719465,109.99989327523933,115.89905135256376,123.29701337085905,109.9996041265211,119.4960534805357,125.17693026811537,109.99820853124207,109.99980341074321,109.99655287388732,114.89826799639152,109.99935876815165,124.99566670677821,109.99963267957888,122.59757063524802,125.49729718815503,129.1941303394611,109.99928623766026,109.99949002540832,109.0694408448811,136.09048746397008,127.02549309137045,125.18151412468738,131.19137534325444,-0.0,132.1887682033539,142.09917364240673,146.04404541261266,134.4846453806075,173.62747862490076
536.5527566874347,529.7380432984652,525.8677666686947,515.3806808545655,515.6144521742376,531.6254916131052,505.65690897791336,515.3648423639808,548.9588306389677,539.9410811455278,544.402903496469,520.1175121794977,541.5781944340364,518.7362597797364,533.0965900241584,514.7071857913552,510.85364963562915,514.9999988857007,522.9204536835343,511.9916186614751,540.5721885144962,514.7760283677987,510.7944405346573,501.5128766736062,496.5002098112628,525.9709486486686,511.50815801078596,507.33601111774027,511.3711094168511,509.02052592490793,507.6291066020326,0.0,0.0,0.0,0.0,0.0,0.0,0.0,0.0,0.0,0.0,0.0,0.0,0.0,0.0,0.0,0.0,0.0,0.0,0.0,0.0,0.0,0.0,0.0,0.0,0.0,0.0,0.0,0.0,0.0,0.0,0.0,0.0,90.0,90.0,90.0,90.0,90.0,90.0,90.0,90.0,90.0,90.0,90.0,90.0,90.0,90.0,90.0,90.0,90.0,90.0,90.0,90.0,90.0,90.0,90.0,90.0,90.0,90.0,90.0,90.0,90.0,90.0,90.0,113.89878430183667,109.99956649719465,109.99989327523933,115.89905135256376,123.29701337085905,109.9996041265211,119.4960534805357,125.17693026811537,109.99820853124207,109.99980341074321,109.99655287388732,114.89826799639152,109.99935876815165,124.99566670677821,109.99963267957888,122.59757063524802,125.49729718815503,129.1941303394611,109.99928623766026,109.99949002540832,109.0694408448811,136.09048746397008,127.02549309137045,125.18151412468738,131.19137534325444,-0.0,132.1887682033539,142.09917364240673,146.04404541261266,134.4846453806075,173.62747862490076,3460.3815192903785,3464.2088636112308,3469.066025867486,3467.3401101635495,3455.876299617714,3481.3817500497876,3472.027044087418,3464.2984608407355,3450.120335807554,3459.2834736458763,3454.3265884177554,3463.7162345076554,3470.219135807143,3469.0781566345063,3459.875103194067,3467.175845489342,3473.5057269625704,3477.100773005626,3485.4579697081717,3502.743476602162,3490.135713746507,3487.924990241182,3482.448980076101,3499.0689078941373,3484.3801158053084,-0.0,3481.505280456506,3475.5106339502067,3469.650463003923,3464.986381394971,3517.6451190409725,10459.68948257976,10459.669725609025,10459.723864932661,10459.787663195313,10459.873615852679,10459.411004366417,10459.818924339355,10459.912194192468,10459.56553837348,10459.457044102888,10459.337990382888,10459.615988493655,10459.239436616412,10459.609219226571,10459.547046778118,10459.73988656475,10459.676961359704,10459.635686316049,10458.765790991623,10459.141818862188,10459.4782307265,10459.785652211525,10459.812676861036,10459.70120963887,10459.765840505734,-0.0,10459.809694095522,10459.897964242426,10459.989251665113,10459.95733725285,10459.970781761895,-2.9312941146310587,-1.7530373356040698,-0.0,-0.0,-672.0996338210401,-672.1031967696998,-0.0,-0.0,-0.0,-0.0,-672.3241552910707,-672.0993331349626,-0.0,-0.0,-686.7444480521535,-672.1010775399886,-672.0999187135058,-0.0,-0.0,-672.0995973822944,-35.81419443187536,-39.342953678570396,-17.575436084054132,-0.0,-0.0,-2.9305854141950554,-2.9306119971892075,-0.0,-0.0,-0.0,-15929.178784259457,-672.0996239652885,-672.0995973822944,-672.0990119680994,-672.0996338210401,-0.0,-0.0,-672.7121710744675,-0.0,-0.0,-673.8395277219612,-672.0995526422107,-672.1337217894769,-672.1003060827304,-672.0993331349626,-672.7121710744675,-672.1003060827304,-0.0,-672.3241552910707,-672.0993331349626,-0.0,-0.0,-0.0,-0.0,-3.1551433229713863,-672.1031967696998,-0.0,-672.1922489179002,-673.0741210485952,-3.555170985833057,-0.0,-2.9314035282000375,-0.3324660150297944,-15913.440196640215,-15930.795760831998,-15930.355566445873,-0.0,-672.0999014045034,-672.0995526422107,-672.1337217894769,-672.1010775399886,-672.1031967696998,-0.0,-672.0999014045034,-672.1337217894769,-672.1003060827304,-672.3241552910707,-672.7121710744675,-672.1922489179002,-673.0741210485952,-672.7121710744675,-672.1011121256428,-673.0741210485952,-0.0,-672.1024047892689,-673.0741210485952,-0.0,-672.0993331349626,-0.0,-672.1922489179002,-672.7121710744675,-686.7444480521535,-672.1010775399886,-672.0996338210401,-672.1003060827304,-0.0,-672.0999014045034,-672.1913783034599,-672.1004154962993,-672.0999187135058,-0.0,-672.1913783034599,-672.1004154962993,-0.0,-0.0,-672.1922489179002,-672.7121710744675,-0.0,-4.0234479757291295,-0.0,-17.575436084054132,-0.0,-0.0,-672.1031967696998,-673.8395277219612,-672.1010775399886,-672.0996338210401,-672.1031967696998,-672.1024047892689,-0.0,-672.1011121256428,-672.1220568887599,-672.1024047892689,-673.0741210485952,-672.1220568887599,-672.1024047892689,-672.1011121256428,-672.1009266102164,-2.9306119971892075,-0.0,-8.23712102316558,-2.9309067454065056,-0.0,-2.924715806311965,1741.6135032175555,2400.0652843757293,1443.5012580230136,2018.4024304968245,2373.291711746629,2949.356300995745,2489.2672272512873,2143.108830789268,2763.13565008618,-13.342478075996286,-26.418414745406505,-18.424834225319266,2099.116471640791,-15944.95029149808,3475.294596964803,2193.419368956961,2282.552907406273,-13.236725100968401,-18.662631414195054,-17.365779997189208,2076.9641400834407,2087.617822643544,-25.49189730243029,-15948.432809357322,-45.5094999971892,2058.04701496324,2317.8228790277885,-45.496856246488704,1653.4405217140263,2022.45865664684,2877.223251335488,-0.0,-0.0,-0.0,-0.0,-0.0,-0.0,-0.0,-0.0,-0.0,-0.0,-0.0,-0.0,-0.0,-0.0,-0.0,-0.0,-0.0,-0.0,-0.0,-0.0,-0.0,-0.0,-0.0,-0.0,-0.0,-0.0,-0.0,-0.0,-0.0,-0.0,-0.0,110.0,110.0,110.0,110.0,110.0,110.0,110.0,110.0,110.0,110.0,110.0,113.89878430183667,109.99956649719465,109.99989327523933,115.89905135256376,123.29701337085905,109.9996041265211,119.4960534805357,125.17693026811537,109.99820853124207,109.99980341074321,109.99655287388732,114.89826799639152,109.99935876815165,124.99566670677821,109.99963267957888,122.59757063524802,125.49729718815503,129.1941303394611,109.99928623766026,109.99949002540832,109.0694408448811,136.09048746397008,127.02549309137045,125.18151412468738,131.19137534325444,-0.0,132.1887682033539,142.09917364240673,146.04404541261266,134.4846453806075,173.62747862490076
536.8054921219281,532.8312954705547,526.1099018605496,515.6243086528993,515.7482928485226,531.6844149765427,505.6781329642724,515.4172352641422,549.091022396097,547.6295882777356,544.5500708285667,520.1199341616104,541.5735444944753,518.7814462986449,533.2483799083044,514.3255682602692,510.85384650713627,515.0016806575908,531.1745898099109,512.0212407597103,544.4344544556934,514.7935322146217,510.7947000294847,501.5142422461734,496.50103761218236,525.9741174572631,511.50879661047634,507.329299278684,511.3709704091811,509.16133892493303,507.6258732679781,0.0,0.0,0.0,0.0,0.0,0.0,0.0,0.0,0.0,0.0,0.0,0.0,0.0,0.0,0.0,0.0,0.0,0.0,0.0,0.0,0.0,0.0,0.0,0.0,0.0,0.0,0.0,0.0,0.0,0.0,0.0,0.0,90.0,90.0,90.0,90.0,90.0,90.0,90.0,90.0,90.0,90.0,90.0,90.0,90.0,90.0,90.0,90.0,90.0,90.0,90.0,90.0,90.0,90.0,90.0,90.0,90.0,90.0,90.0,90.0,90.0,90.0,90.0,113.89878430183667,109.99956649719465,109.99989327523933,115.89905135256376,123.29701337085905,109.9996041265211,119.4960534805357,125.17693026811537,109.99820853124207,109.99980341074321,109.99655287388732,114.89826799639152,109.99935876815165,124.99566670677821,109.99963267957888,122.59757063524802,125.49729718815503,129.1941303394611,109.99928623766026,109.99949002540832,109.0694408448811,136.09048746397008,127.02549309137045,125.18151412468738,131.19137534325444,-0.0,132.1887682033539,142.09917364240673,146.04404541261266,134.4846453806075,173.62747862490076,3460.3815192903785,3464.2088636112308,3469.066025867486,3467.3401101635495,3455.876299617714,3481.3817500497876,3472.027044087418,3464.2984608407355,3450.120335807554,3459.2834736458763,3454.3265884177554,3463.7162345076554,3470.219135807143,3469.0781566345063,3459.875103194067,3467.175845489342,3473.5057269625704,3477.100773005626,3485.4579697081717,3502.743476602162,3490.135713746507,3487.924990241182,3482.448980076101,3499.0689078941373,3484.3801158053084,-0.0,3481.505280456506,3475.5106339502067,3469.650463003923,3464.986381394971,3517.6451190409725,10459.68948257976,10459.669725609025,10459.723864932661,10459.787663195313,10459.873615852679,10459.411004366417,10459.818924339355,10459.912194192468,10459.56553837348,10459.457044102888,10459.337990382888,10459.615988493655,10459.239436616412,10459.609219226571,10459.547046778118,10459.73988656475,10459.676961359704,10459.635686316049,10458.765790991623,10459.141818862188,10459.4782307265,10459.785652211525,10459.812676861036,10459.70120963887,10459.765840505734,-0.0,10459.809694095522,10459.897964242426,10459.989251665113,10459.95733725285,10459.970781761895,-2.9312941146310587,-1.7530373356040698,-0.0,-0.0,-672.0996338210401,-672.1031967696998,-0.0,-0.0,-0.0,-0.0,-672.3241552910707,-672.0993331349626,-0.0,-0.0,-686.7444480521535,-672.1010775399886,-672.0999187135058,-0.0,-0.0,-672.0995973822944,-35.81419443187536,-39.342953678570396,-17.575436084054132,-0.0,-0.0,-2.9305854141950554,-16062.986899231573,-16058.379807699177,-16059.121875756657,-16051.821114232667,-15929.178784259457,-672.0996239652885,-672.0995973822944,-672.0990119680994,-672.0996338210401,-0.0,-0.0,-672.7121710744675,-0.0,-0.0,-673.8395277219612,-672.0995526422107,-672.1337217894769,-672.1003060827304,-672.0993331349626,-672.7121710744675,-672.1003060827304,-0.0,-672.3241552910707,-672.0993331349626,-0.0,-0.0,-0.0,-0.0,-3.1551433229713863,-672.1031967696998,-0.0,-672.1922489179002,-673.0741210485952,-3.555170985833057,-0.0,-2.9314035282000375,-0.3324660150297944,-15913.440196640215,-15930.795760831998,-15930.355566445873,-0.0,-672.0999014045034,-672.0995526422107,-672.1337217894769,-672.1010775399886,-672.1031967696998,-0.0,-672.0999014045034,-672.1337217894769,-672.1003060827304,-672.3241552910707,-672.7121710744675,-672.1922489179002,-673.0741210485952,-672.7121710744675,-672.1011121256428,-673.0741210485952,-0.0,-672.1024047892689,-673.0741210485952,-0.0,-672.0993331349626,-0.0,-672.1922489179002,-672.7121710744675,-686.7444480521535,-672.1010775399886,-672.0996338210401,-672.1003060827304,-0.0,-672.0999014045034,-672.1913783034599,-672.1004154962993,-672.0999187135058,-0.0,-672.1913783034599,-672.1004154962993,-0.0,-0.0,-672.1922489179002,-672.7121710744675,-0.0,-4.0234479757291295,-0.0,-17.575436084054132,-0.0,-0.0,-672.1031967696998,-673.8395277219612,-672.1010775399886,-672.0996338210401,-672.1031967696998,-672.1024047892689,-0.0,-672.1011121256428,-672.1220568887599,-672.1024047892689,-673.0741210485952,-672.1220568887599,-672.1024047892689,-672.1011121256428,-672.1009266102164,-2.9306119971892075,-0.0,-8.23712102316558,-2.9309067454065056,-0.0,-2.924715806311965,1741.6135032175555,2400.0652843757293,1443.5012580230136,2018.4024304968245,2373.291711746629,2949.356300995745,2489.2672272512873,2143.108830789268,2763.13565008618,-13.342478075996286,-26.418414745406505,-18.424834225319266,2099.116471640791,-15944.95029149808,3475.294596964803,2193.419368956961,2282.552907406273,-13.236725100968401,-18.662631414195054,-16077.422067231573,2076.9641400834407,2087.617822643544,-25.49189730243029,-15948.432809357322,-45.5094999971892,2058.04701496324,2317.8228790277885,-45.496856246488704,1653.4405217140263,2022.45865664684,2877.223251335488,-0.0,-0.0,-0.0,-0.0,-0.0,-0.0,-0.0,-0.0,-0.0,-0.0,-0.0,-0.0,-0.0,-0.0,-0.0,-0.0,-0.0,-0.0,-0.0,-0.0,-0.0,-0.0,-0.0,-0.0,-0.0,-0.0,-0.0,-0.0,-0.0,-0.0,-0.0,110.0,110.0,110.0,110.0,110.0,110.0,110.0,110.0,110.0,110.0,110.0,113.89878430183667,109.99956649719465,109.99989327523933,115.89905135256376,123.29701337085905,109.9996041265211,119.4960534805357,125.17693026811537,109.99820853124207,109.99980341074321,109.99655287388732,114.89826799639152,109.99935876815165,124.99566670677821,109.99963267957888,122.59757063524802,125.49729718815503,129.1941303394611,109.99928623766026,109.99949002540832,109.0694408448811,136.09048746397008,127.02549309137045,125.18151412468738,131.19137534325444,-0.0,132.1887682033539,142.09917364240673,146.04404541261266,134.4846453806075,173.62747862490076
536.8521562108622,532.0501558184154,526.1558413467889,515.6701317476856,515.835592316194,531.8070105027308,505.6898263774568,515.4428884820916,549.0770662602714,548.3210895552563,544.5422027178844,520.1316888721552,541.5901975784598,518.818351930815,533.3469846796271,514.407629461398,510.8550210864218,514.994253686883,531.3731220273756,512.0248343713656,544.6020682985276,514.7958433947825,510.795212351189,501.51403954657263,496.5016581883334,525.9777922814411,511.5133072815871,507.32999433074156,511.3710578877133,509.1541840876608,507.6412970524833,0.0,0.0,0.0,0.0,0.0,0.0,0.0,0.0,0.0,0.0,0.0,0.0,0.0,0.0,0.0,0.0,0.0,0.0,0.0,0.0,0.0,0.0,0.0,0.0,0.0,0.0,0.0,0.0,0.0,0.0,0.0,0.0,90.0,90.0,90.0,90.0,90.0,90.0,90.0,90.0,90.0,90.0,90.0,90.0,90.0,90.0,90.0,90.0,90.0,90.0,90.0,90.0,90.0,90.0,90.0,90.0,90.0,90.0,90.0,90.0,90.0,90.0,90.0,113.89878430183667,109.99956649719465,109.99989327523933,115.89905135256376,123.29701337085905,109.9996041265211,119.4960534805357,125.17693026811537,109.99820853124207,109.99980341074321,109.99655287388732,114.89826799639152,109.99935876815165,124.99566670677821,109.99963267957888,122.59757063524802,125.49729718815503,129.1941303394611,109.99928623766026,109.99949002540832,109.0694408448811,136.09048746397008,127.02549309137045,125.18151412468738,131.19137534325444,-0.0,132.1887682033539,142.09917364240673,146.04404541261266,134.4846453806075,173.62747862490076,3460.3815192903785,3464.2088636112308,3469.066025867486,3467.3401101635495,3455.876299617714,3481.3817500497876,3472.027044087418,3464.2984608407355,3450.120335807554,3459.2834736458763,3454.3265884177554,3463.7162345076554,3470.219135807143,3469.0781566345063,3459.875103194067,3467.175845489342,3473.5057269625704,3477.100773005626,3485.4579697081717,3502.743476602162,3490.135713746507,3487.924990241182,3482.448980076101,3499.0689078941373,3484.3801158053084,-0.0,3481.505280456506,3475.5106339502067,3469.650463003923,3464.986381394971,3517.6451190409725,10459.68948257976,10459.669725609025,10459.723864932661,10459.787663195313,10459.873615852679,10459.411004366417,10459.818924339355,10459.912194192468,10459.56553837348,10459.457044102888,10459.337990382888,10459.615988493655,10459.239436616412,10459.609219226571,10459.547046778118,10459.73988656475,10459.676961359704,10459.635686316049,10458.765790991623,10459.141818862188,10459.4782307265,10459.785652211525,10459.812676861036,10459.70120963887,10459.765840505734,-0.0,10459.809694095522,10459.897964242426,10459.989251665113,10459.95733725285,10459.970781761895,-2.9312941146310587,-1.7530373356040698,-0.0,-0.0,-672.0996338210401,-672.1031967696998,-0.0,-0.0,-0.0,-0.0,-672.3241552910707,-672.0993331349626,-0.0,-0.0,-686.7444480521535,-672.1010775399886,-672.0999187135058,-0.0,-0.0,-672.0995973822944,-35.81419443187536,-39.342953678570396,-17.575436084054132,-0.0,-0.0,-2.9305854141950554,-2.9306119971892075,-0.0,-0.0,-0.0,-15929.178784259457,-672.0996239652885,-672.0995973822944,-672.0990119680994,-672.0996338210401,-0.0,-0.0,-672.7121710744675,-0.0,-0.0,-673.8395277219612,-672.0995526422107,-672.1337217894769,-672.1003060827304,-672.0993331349626,-672.7121710744675,-672.1003060827304,-0.0,-672.3241552910707,-672.0993331349626,-0.0,-0.0,-0.0,-0.0,-3.1551433229713863,-672.1031967696998,-0.0,-672.1922489179002,-673.0741210485952,-3.555170985833057,-0.0,-2.9314035282000375,-0.3324660150297944,-15913.440196640215,-15930.795760831998,-15930.355566445873,-0.0,-672.0999014045034,-672.0995526422107,-672.1337217894769,-672.1010775399886,-672.1031967696998,-0.0,-672.0999014045034,-672.1337217894769,-672.1003060827304,-672.3241552910707,-672.7121710744675,-672.1922489179002,-673.0741210485952,-672.7121710744675,-672.1011121256428,-673.0741210485952,-0.0,-672.1024047892689,-673.0741210485952,-0.0,-672.0993331349626,-0.0,-672.1922489179002,-672.7121710744675,-686.7444480521535,-672.1010775399886,-672.0996338210401,-672.1003060827304,-0.0,-672.0999014045034,-672.1913783034599,-672.1004154962993,-672.0999187135058,-0.0,-672.1913783034599,-672.1004154962993,-0.0,-0.0,-672.1922489179002,-672.7121710744675,-0.0,-4.0234479757291295,-0.0,-17.575436084054132,-0.0,-0.0,-672.1031967696998,-673.8395277219612,-672.1010775399886,-672.0996338210401,-672.1031967696998,-672.1024047892689,-0.0,-672.1011121256428,-672.1220568887599,-672.1024047892689,-673.0741210485952,-672.1220568887599,-672.1024047892689,-672.1011121256428,-672.1009266102164,-2.9306119971892075,-0.0,-16.398726717510044,-2.9309067454065056,-7.226322343237221,-11.08632150065643,1741.6135032175555,2400.0652843757293,1443.5012580230136,2018.4024304968245,2373.291711746629,2949.356300995745,2489.2672272512873,2143.108830789268,2763.13565008618,-13.342478075996286,-34.58002043975097,-18.424834225319266,2099.116471640791,-15944.95029149808,3475.294596964803,2193.419368956961,2282.552907406273,-13.236725100968401,-18.662631414195054,-17.365779997189208,2076.9641400834407,2087.617822643544,-25.49189730243029,-15948.432809357322,-45.5094999971892,2058.04701496324,2317.8228790277885,-45.496856246488704,1653.4405217140263,2022.45865664684,2877.223251335488,-0.0,-0.0,-0.0,-0.0,-0.0,-0.0,-0.0,-0.0,-0.0,-0.0,-0.0,-0.0,-0.0,-0.0,-0.0,-0.0,-0.0,-0.0,-0.0,-0.0,-0.0,-0.0,-0.0,-0.0,-0.0,-0.0,-0.0,-0.0,-0.0,-0.0,-0.0,110.0,110.0,110.0,110.0,110.0,110.0,110.0,110.0,110.0,110.0,110.0,113.89878430183667,109.99956649719465,109.99989327523933,115.89905135256376,123.29701337085905,109.9996041265211,119.4960534805357,125.17693026811537,109.99820853124207,109.99980341074321,109.99655287388732,114.89826799639152,109.99935876815165,124.99566670677821,109.99963267957888,122.59757063524802,125.49729718815503,129.1941303394611,109.99928623766026,109.99949002540832,109.0694408448811,136.09048746397008,127.02549309137045,125.18151412468738,131.19137534325444,-0.0,132.1887682033539,142.09917364240673,146.04404541261266,134.4846453806075,173.62747862490076
537.1776117827256,533.0388239651651,526.4702289923863,515.9764941896641,516.1672813830126,532.2306131973879,505.71682282615245,515.5070467812543,549.0794470559766,548.4809571134194,544.5439435610791,520.1698279953007,541.6033076191404,518.8542019889795,533.7218502830394,514.4204998141436,510.8569631560019,515.005834161833,531.4010556835021,512.0258680555667,544.8316462722896,514.8183692844484,510.79543923306414,501.51606417142267,496.50197635375116,525.9808715176168,511.5170003658792,507.33117018243576,511.3705361533959,509.1535615030309,507.6575674099661,0.0,0.0,0.0,0.0,0.0,0.0,0.0,0.0,0.0,0.0,0.0,0.0,0.0,0.0,0.0,0.0,0.0,0.0,0.0,0.0,0.0,0.0,0.0,0.0,0.0,0.0,0.0,0.0,0.0,0.0,0.0,0.0,90.0,90.0,90.0,90.0,90.0,90.0,90.0,90.0,90.0,90.0,90.0,90.0,90.0,90.0,90.0,90.0,90.0,90.0,90.0,90.0,90.0,90.0,90.0,90.0,90.0,90.0,90.0,90.0,90.0,90.0,90.0,113.89878430183667,109.99956649719465,109.99989327523933,115.89905135256376,123.29701337085905,109.9996041265211,119.4960534805357,125.17693026811537,109.99820853124207,109.99980341074321,109.99655287388732,114.89826799639152,109.99935876815165,124.99566670677821,109.99963267957888,122.59757063524802,125.49729718815503,129.1941303394611,109.99928623766026,109.99949002540832,109.0694408448811,136.09048746397008,127.02549309137045,125.18151412468738,131.19137534325444,-0.0,132.1887682033539,142.09917364240673,146.04404541261266,134.4846453806075,173.62747862490076,3460.3815192903785,3464.2088636112308,3469.066025867486,3467.3401101635495,3455.876299617714,3481.3817500497876,3472.027044087418,3464.2984608407355,3450.120335807554,3459.2834736458763,3454.3265884177554,3463.7162345076554,3470.219135807143,3469.0781566345063,3459.875103194067,3467.175845489342,3473.5057269625704,3477.100773005626,3485.4579697081717,3502.743476602162,3490.135713746507,3487.924990241182,3482.448980076101,3499.0689078941373,3484.3801158053084,-0.0,3481.505280456506,3475.5106339502067,3469.650463003923,3464.986381394971,3517.6451190409725,10459.68948257976,10459.669725609025,10459.723864932661,10459.787663195313,10459.873615852679,10459.411004366417,10459.818924339355,10459.912194192468,10459.56553837348,10459.457044102888,10459.337990382888,10459.615988493655,10459.239436616412,10459.609219226571,10459.547046778118,10459.73988656475,10459.676961359704,10459.635686316049,10458.765790991623,10459.141818862188,10459.4782307265,10459.785652211525,10459.812676861036,10459.70120963887,10459.765840505734,-0.0,10459.809694095522,10459.897964242426,10459.989251665113,10459.95733725285,10459.970781761895,-2.9312941146310587,-1.7530373356040698,-0.0,-0.0,-672.0996338210401,-672.1031967696998,-0.0,-0.0,-0.0,-0.0,-672.3241552910707,-672.0993331349626,-0.0,-0.0,-686.7444480521535,-672.1010775399886,-672.0999187135058,-0.0,-0.0,-672.0995973822944,-35.81419443187536,-39.342953678570396,-17.575436084054132,-0.0,-0.0,-2.9305854141950554,-2.9306119971892075,-0.0,-0.0,-0.0,-15929.178784259457,-672.0996239652885,-672.0995973822944,-672.0990119680994,-672.0996338210401,-0.0,-0.0,-672.7121710744675,-0.0,-0.0,-673.8395277219612,-672.0995526422107,-672.1337217894769,-672.1003060827304,-672.0993331349626,-672.7121710744675,-672.1003060827304,-0.0,-672.3241552910707,-672.0993331349626,-0.0,-0.0,-0.0,-0.0,-3.1551433229713863,-672.1031967696998,-0.0,-672.1922489179002,-673.0741210485952,-3.555170985833057,-0.0,-2.9314035282000375,-0.3324660150297944,-15913.440196640215,-15930.795760831998,-15930.355566445873,-0.0,-672.0999014045034,-672.0995526422107,-672.1337217894769,-672.1010775399886,-672.1031967696998,-0.0,-672.0999014045034,-672.1337217894769,-672.1003060827304,-672.3241552910707,-672.7121710744675,-672.1922489179002,-673.0741210485952,-672.7121710744675,-672.1011121256428,-673.0741210485952,-0.0,-672.1024047892689,-673.0741210485952,-0.0,-672.0993331349626,-0.0,-672.1922489179002,-672.7121710744675,-686.7444480521535,-672.1010775399886,-672.0996338210401,-672.1003060827304,-0.0,-672.0999014045034,-672.1913783034599,-672.1004154962993,-672.0999187135058,-0.0,-672.1913783034599,-672.1004154962993,-0.0,-0.0,-672.1922489179002,-672.7121710744675,-16052.316540024865,-16064.079735210114,-16051.795316257585,-16077.631723318436,-16032.502790105538,-16058.543162652124,-672.1031967696998,-673.8395277219612,-672.1010775399886,-672.0996338210401,-672.1031967696998,-672.1024047892689,-0.0,-672.1011121256428,-672.1220568887599,-672.1024047892689,-673.0741210485952,-672.1220568887599,-672.1024047892689,-672.1011121256428,-672.1009266102164,-2.9306119971892075,-0.0,-8.23712102316558,-2.9309067454065056,-0.0,-2.924715806311965,1741.6135032175555,2400.0652843757293,1443.5012580230136,2018.4024304968245,2373.291711746629,2949.356300995745,2489.2672272512873,2143.108830789268,2763.13565008618,-13.342478075996286,-26.418414745406505,-18.424834225319266,2099.116471640791,-15944.95029149808,3475.294596964803,2193.419368956961,2282.552907406273,-13.236725100968401,-18.662631414195054,-17.365779997189208,2076.9641400834407,2087.617822643544,-16085.548184536814,-15948.432809357322,-45.5094999971892,2058.04701496324,2317.8228790277885,-45.496856246488704,1653.4405217140263,2022.45865664684,2877.223251335488,-0.0,-0.0,-0.0,-0.0,-0.0,-0.0,-0.0,-0.0,-0.0,-0.0,-0.0,-0.0,-0.0,-0.0,-0.0,-0.0,-0.0,-0.0,-0.0,-0.0,-0.0,-0.0,-0.0,-0.0,-0.0,-0.0,-0.0,-0.0,-0.0,-0.0,-0.0,110.0,110.0,110.0,110.0,110.0,110.0,110.0,110.0,110.0,110.0,110.0,113.89878430183667,109.99956649719465,109.99989327523933,115.89905135256376,123.29701337085905,109.9996041265211,119.4960534805357,125.17693026811537,109.99820853124207,109.99980341074321,109.99655287388732,114.89826799639152,109.99935876815165,124.99566670677821,109.99963267957888,122.59757063524802,125.49729718815503,129.1941303394611,109.99928623766026,109.99949002540832,109.0694408448811,136.09048746397008,127.02549309137045,125.18151412468738,131.19137534325444,-0.0,132.1887682033539,142.09917364240673,146.04404541261266,134.4846453806075,173.62747862490076
543.3703837781849,539.6352519540309,532.5343913741159,521.8972450467737,522.2743035947742,538.0277941816227,505.9333222020857,515.8243717398171,549.1405332778886,548.6828170197409,544.5339265165785,520.312415293147,541.6420114065289,526.1648243610741,539.9237190916056,514.4261413133125,510.86426448257515,515.0476189926661,531.4460327991534,512.0381899298377,546.5688577578726,514.8767222892844,510.7966310376787,501.5143906446171,496.5028668482632,526.0021782564716,511.649303889805,507.42427568053455,511.375931988976,509.1589876424357,507.6712876930708,0.0,0.0,0.0,0.0,0.0,0.0,0.0,0.0,0.0,0.0,0.0,0.0,0.0,0.0,0.0,0.0,0.0,0.0,0.0,0.0,0.0,0.0,0.0,0.0,0.0,0.0,0.0,0.0,0.0,0.0,0.0,0.0,90.0,90.0,90.0,90.0,90.0,90.0,90.0,90.0,90.0,90.0,90.0,90.0,90.0,90.0,90.0,90.0,90.0,90.0,90.0,90.0,90.0,90.0,90.0,90.0,90.0,90.0,90.0,90.0,90.0,90.0,90.0,113.89878430183667,109.99956649719465,109.99989327523933,115.89905135256376,123.29701337085905,109.9996041265211,119.4960534805357,125.17693026811537,109.99820853124207,109.99980341074321,109.99655287388732,114.89826799639152,109.99935876815165,124.99566670677821,109.99963267957888,122.59757063524802,125.49729718815503,129.1941303394611,109.99928623766026,109.99949002540832,109.0694408448811,136.09048746397008,127.02549309137045,125.18151412468738,131.19137534325444,-0.0,132.1887682033539,142.09917364240673,146.04404541261266,134.4846453806075,173.62747862490076,3460.3815192903785,3464.2088636112308,3469.066025867486,3467.3401101635495,3455.876299617714,3481.3817500497876,3472.027044087418,3464.2984608407355,3450.120335807554,3459.2834736458763,3454.3265884177554,3463.7162345076554,3470.219135807143,3469.0781566345063,3459.875103194067,3467.175845489342,3473.5057269625704,3477.100773005626,3485.4579697081717,3502.743476602162,3490.135713746507,3487.924990241182,3482.448980076101,3499.0689078941373,3484.3801158053084,-0.0,3481.505280456506,3475.5106339502067,3469.650463003923,3464.986381394971,3517.6451190409725,10459.68948257976,10459.669725609025,10459.723864932661,10459.787663195313,10459.873615852679,10459.411004366417,10459.818924339355,10459.912194192468,10459.56553837348,10459.457044102888,10459.337990382888,10459.615988493655,10459.239436616412,10459.609219226571,10459.547046778118,10459.73988656475,10459.676961359704,10459.635686316049,10458.765790991623,10459.141818862188,10459.4782307265,10459.785652211525,10459.812676861036,10459.70120963887,10459.765840505734,-0.0,10459.809694095522,10459.897964242426,10459.989251665113,10459.95733725285,10459.970781761895,-2.9312941146310587,-1.7530373356040698,-0.0,-0.0,-672.0996338210401,-672.1031967696998,-0.0,-0.0,-0.0,-0.0,-672.3241552910707,-672.0993331349626,-0.0,-0.0,-686.7444480521535,-672.1010775399886,-672.0999187135058,-0.0,-0.0,-672.0995973822944,-35.81419443187536,-39.342953678570396,-17.575436084054132,-0.0,-0.0,-2.9305854141950554,-2.9306119971892075,-0.0,-0.0,-0.0,-15929.178784259457,-672.0996239652885,-672.0995973822944,-672.0990119680994,-672.0996338210401,-0.0,-0.0,-672.7121710744675,-0.0,-0.0,-673.8395277219612,-672.0995526422107,-672.1337217894769,-672.1003060827304,-672.0993331349626,-672.7121710744675,-672.1003060827304,-0.0,-672.3241552910707,-672.0993331349626,-0.0,-0.0,-0.0,-0.0,-3.1551433229713863,-672.1031967696998,-0.0,-672.1922489179002,-673.0741210485952,-3.555170985833057,-0.0,-2.9314035282000375,-0.3324660150297944,-15913.440196640215,-15930.795760831998,-15930.355566445873,-0.0,-672.0999014045034,-672.0995526422107,-672.1337217894769,-672.1010775399886,-672.1031967696998,-0.0,-672.0999014045034,-672.1337217894769,-672.1003060827304,-672.3241552910707,-672.7121710744675,-672.1922489179002,-673.0741210485952,-672.7121710744675,-672.1011121256428,-673.0741210485952,-0.0,-672.1024047892689,-673.0741210485952,-0.0,-672.0993331349626,-0.0,-672.1922489179002,-672.7121710744675,-686.7444480521535,-672.1010775399886,-672.0996338210401,-672.1003060827304,-0.0,-672.0999014045034,-672.1913783034599,-672.1004154962993,-672.0999187135058,-0.0,-672.1913783034599,-672.1004154962993,-0.0,-0.0,-672.1922489179002,-672.7121710744675,-0.0,-4.0234479757291295,-0.0,-17.575436084054132,-0.0,-0.0,-672.1031967696998,-673.8395277219612,-672.1010775399886,-672.0996338210401,-672.1031967696998,-672.1024047892689,-0.0,-672.1011121256428,-672.1220568887599,-672.1024047892689,-673.0741210485952,-672.1220568887599,-672.1024047892689,-672.1011121256428,-672.1009266102164,-2.9306119971892075,-0.0,-8.23712102316558,-2.9309067454065056,-0.0,-2.924715806311965,1741.6135032175555,2400.0652843757293,1443.5012580230136,2018.4024304968245,2373.291711746629,2949.356300995745,2489.2672272512873,2143.108830789268,2763.13565008618,-13.342478075996286,-26.418414745406505,-18.424834225319266,2099.116471640791,-15944.95029149808,3475.294596964803,2193.419368956961,2282.552907406273,-13.236725100968401,-18.662631414195054,-17.365779997189208,2076.9641400834407,2087.617822643544,-25.49189730243029,-15948.432809357322,-45.5094999971892,2058.04701496324,2317.8228790277885,-45.496856246488704,1653.4405217140263,2022.45865664684,2877.223251335488,-0.0,-0.0,-0.0,-0.0,-0.0,-0.0,-0.0,-0.0,-0.0,-0.0,-0.0,-0.0,-0.0,-0.0,-0.0,-0.0,-0.0,-0.0,-0.0,-0.0,-0.0,-0.0,-0.0,-0.0,-0.0,-0.0,-0.0,-0.0,-0.0,-0.0,-0.0,110.0,110.0,110.0,110.0,110.0,110.0,110.0,110.0,110.0,110.0,110.0,113.89878430183667,109.99956649719465,109.99989327523933,115.89905135256376,123.29701337085905,109.9996041265211,119.4960534805357,125.17693026811537,109.99820853124207,109.99980341074321,109.99655287388732,114.89826799639152,109.99935876815165,124.99566670677821,109.99963267957888,122.59757063524802,125.49729718815503,129.1941303394611,109.99928623766026,109.99949002540832,109.0694408448811,136.09048746397008,127.02549309137045,125.18151412468738,131.19137534325444,-0.0,132.1887682033539,142.09917364240673,146.04404541261266,134.4846453806075,173.62747862490076
547.9199538679723,544.0484829875932,536.9839677796926,526.2257167943412,526.4907176036292,537.0559672707044,506.28939817034245,516.2411585284449,549.2003077097667,548.7090802482232,544.5169425104558,520.4458553843708,542.2843786477905,574.850290020689,547.6217563450307,516.4405365135674,510.99743303684994,515.5568806568622,531.3464883495562,512.0489691138553,548.6576546477927,514.8649229579058,510.8013395381551,501.5228785641251,496.50186957853316,526.0303908547986,515.7413665094008,511.46047576880244,511.3863177240646,509.3259429722204,507.78000826512675,0.0,0.0,0.0,0.0,0.0,0.0,0.0,0.0,0.0,0.0,0.0,0.0,0.0,0.0,0.0,0.0,0.0,0.0,0.0,0.0,0.0,0.0,0.0,0.0,0.0,0.0,0.0,0.0,0.0,0.0,0.0,0.0,90.0,90.0,90.0,90.0,90.0,90.0,90.0,90.0,90.0,90.0,90.0,90.0,90.0,90.0,90.0,90.0,90.0,90.0,90.0,90.0,90.0,90.0,90.0,90.0,90.0,90.0,90.0,90.0,90.0,90.0,90.0,113.89878430183667,109.99956649719465,109.99989327523933,115.89905135256376,123.29701337085905,109.9996041265211,119.4960534805357,125.17693026811537,109.99820853124207,109.99980341074321,109.99655287388732,114.89826799639152,109.99935876815165,124.99566670677821,109.99963267957888,122.59757063524802,125.49729718815503,129.1941303394611,109.99928623766026,109.99949002540832,109.0694408448811,136.09048746397008,127.02549309137045,125.18151412468738,131.19137534325444,-0.0,132.1887682033539,142.09917364240673,146.04404541261266,134.4846453806075,173.62747862490076,3460.3815192903785,3464.2088636112308,3469.066025867486,3467.3401101635495,3455.876299617714,3481.3817500497876,3472.027044087418,3464.2984608407355,3450.120335807554,3459.2834736458763,3454.3265884177554,3463.7162345076554,3470.219135807143,3469.0781566345063,3459.875103194067,3467.175845489342,3473.5057269625704,3477.100773005626,3485.4579697081717,3502.743476602162,3490.135713746507,3487.924990241182,3482.448980076101,3499.0689078941373,3484.3801158053084,-0.0,3481.505280456506,3475.5106339502067,3469.650463003923,3464.986381394971,3517.6451190409725,10459.68948257976,10459.669725609025,10459.723864932661,10459.787663195313,10459.873615852679,10459.411004366417,10459.818924339355,10459.912194192468,10459.56553837348,10459.457044102888,10459.337990382888,10459.615988493655,10459.239436616412,10459.609219226571,10459.547046778118,10459.73988656475,10459.676961359704,10459.635686316049,10458.765790991623,10459.141818862188,10459.4782307265,10459.785652211525,10459.812676861036,10459.70120963887,10459.765840505734,-0.0,10459.809694095522,10459.897964242426,10459.989251665113,10459.95733725285,10459.970781761895,-2.9312941146310587,-1.7530373356040698,-0.0,-0.0,-672.0996338210401,-672.1031967696998,-0.0,-0.0,-0.0,-0.0,-672.3241552910707,-672.0993331349626,-0.0,-0.0,-686.7444480521535,-672.1010775399886,-672.0999187135058,-0.0,-0.0,-672.0995973822944,-35.81419443187536,-39.342953678570396,-17.575436084054132,-0.0,-0.0,-2.9305854141950554,-2.9306119971892075,-0.0,-0.0,-0.0,-15929.178784259457,-672.0996239652885,-672.0995973822944,-672.0990119680994,-672.0996338210401,-0.0,-0.0,-672.7121710744675,-0.0,-0.0,-673.8395277219612,-672.0995526422107,-672.1337217894769,-672.1003060827304,-672.0993331349626,-672.7121710744675,-672.1003060827304,-0.0,-672.3241552910707,-672.0993331349626,-0.0,-0.0,-0.0,-0.0,-3.1551433229713863,-672.1031967696998,-0.0,-672.1922489179002,-673.0741210485952,-3.555170985833057,-0.0,-2.9314035282000375,-0.3324660150297944,-15913.440196640215,-15930.795760831998,-15930.355566445873,-0.0,-672.0999014045034,-672.0995526422107,-672.1337217894769,-672.1010775399886,-672.1031967696998,-0.0,-672.0999014045034,-672.1337217894769,-672.1003060827304,-672.3241552910707,-672.7121710744675,-672.1922489179002,-673.0741210485952,-672.7121710744675,-672.1011121256428,-673.0741210485952,-0.0,-672.1024047892689,-673.0741210485952,-0.0,-672.0993331349626,-0.0,-672.1922489179002,-672.7121710744675,-686.7444480521535,-672.1010775399886,-672.0996338210401,-672.1003060827304,-0.0,-672.0999014045034,-672.1913783034599,-672.1004154962993,-672.0999187135058,-0.0,-672.1913783034599,-672.1004154962993,-0.0,-0.0,-672.1922489179002,-672.7121710744675,-0.0,-4.0234479757291295,-0.0,-17.575436084054132,-0.0,-0.0,-672.1031967696998,-673.8395277219612,-672.1010775399886,-672.0996338210401,-672.1031967696998,-672.1024047892689,-0.0,-672.1011121256428,-672.1220568887599,-672.1024047892689,-673.0741210485952,-672.1220568887599,-672.1024047892689,-672.1011121256428,-672.1009266102164,-2.9306119971892075,-0.0,-8.23712102316558,-2.9309067454065056,-0.0,-2.924715806311965,1741.6135032175555,2400.0652843757293,1443.5012580230136,2018.4024304968245,2373.291711746629,2949.356300995745,2489.2672272512873,2143.108830789268,2763.13565008618,-13.342478075996286,-26.418414745406505,-18.424834225319266,2099.116471640791,-15944.95029149808,3475.294596964803,2193.419368956961,2282.552907406273,-13.236725100968401,-18.662631414195054,-17.365779997189208,2076.9641400834407,2087.617822643544,-25.49189730243029,-15948.432809357322,-45.5094999971892,2058.04701496324,2317.8228790277885,-45.496856246488704,1653.4405217140263,2022.45865664684,2877.223251335488,-0.0,-0.0,-0.0,-0.0,-0.0,-0.0,-0.0,-0.0,-0.0,-0.0,-0.0,-0.0,-0.0,-0.0,-0.0,-0.0,-0.0,-0.0,-0.0,-0.0,-0.0,-0.0,-0.0,-0.0,-0.0,-0.0,-0.0,-0.0,-0.0,-0.0,-0.0,110.0,110.0,110.0,110.0,110.0,110.0,110.0,110.0,110.0,110.0,110.0,113.89878430183667,109.99956649719465,109.99989327523933,115.89905135256376,123.29701337085905,109.9996041265211,119.4960534805357,125.17693026811537,109.99820853124207,109.99980341074321,109.99655287388732,114.89826799639152,109.99935876815165,124.99566670677821,109.99963267957888,122.59757063524802,125.49729718815503,129.1941303394611,109.99928623766026,109.99949002540832,109.0694408448811,136.09048746397008,127.02549309137045,125.18151412468738,131.19137534325444,-0.0,132.1887682033539,142.09917364240673,146.04404541261266,134.4846453806075,173.62747862490076
539.764816415496,534.1786429580578,528.9964128082819,518.4581124336448,520.1420269986513,532.3493166977021,505.9117996612109,515.7607009171714,549.1333458777585,548.8030551666329,544.4217249469765,530.9778888244897,548.5337067474005,525.4099057643493,536.2718924112112,518.5088686093194,510.92458317793273,515.1228649339688,531.6503973274355,512.0628767773273,909.0323827507316,514.7688668659358,510.8043472150999,501.5334134198953,496.50608399485776,526.0399809521791,511.81669388129524,507.59502007187956,511.38762652767326,509.0547511308325,507.89522693203526,0.0,0.0,0.0,0.0,0.0,0.0,0.0,0.0,0.0,0.0,0.0,0.0,0.0,0.0,0.0,0.0,0.0,0.0,0.0,0.0,0.0,0.0,0.0,0.0,0.0,0.0,0.0,0.0,0.0,0.0,0.0,0.0,90.0,90.0,90.0,90.0,90.0,90.0,90.0,90.0,90.0,90.0,90.0,90.0,90.0,90.0,90.0,90.0,90.0,90.0,90.0,90.0,90.0,90.0,90.0,90.0,90.0,90.0,90.0,90.0,90.0,90.0,90.0,113.89878430183667,109.99956649719465,109.99989327523933,115.89905135256376,123.29701337085905,109.9996041265211,119.4960534805357,125.17693026811537,109.99820853124207,109.99980341074321,109.99655287388732,114.89826799639152,109.99935876815165,124.99566670677821,109.99963267957888,122.59757063524802,125.49729718815503,129.1941303394611,109.99928623766026,109.99949002540832,109.0694408448811,136.09048746397008,127.02549309137045,125.18151412468738,131.19137534325444,-0.0,132.1887682033539,142.09917364240673,146.04404541261266,134.4846453806075,173.62747862490076,3460.3815192903785,3464.2088636112308,3469.066025867486,3467.3401101635495,3455.876299617714,3481.3817500497876,3472.027044087418,3464.2984608407355,3450.120335807554,3459.2834736458763,3454.3265884177554,3463.7162345076554,3470.219135807143,3469.0781566345063,3459.875103194067,3467.175845489342,3473.5057269625704,3477.100773005626,3485.4579697081717,3502.743476602162,3490.135713746507,3487.924990241182,3482.448980076101,3499.0689078941373,3484.3801158053084,-0.0,3481.505280456506,3475.5106339502067,3469.650463003923,3464.986381394971,3517.6451190409725,10459.68948257976,10459.669725609025,10459.723864932661,10459.787663195313,10459.873615852679,10459.411004366417,10459.818924339355,10459.912194192468,10459.56553837348,10459.457044102888,10459.337990382888,10459.615988493655,10459.239436616412,10459.609219226571,10459.547046778118,10459.73988656475,10459.676961359704,10459.635686316049,10458.765790991623,10459.141818862188,10459.4782307265,10459.785652211525,10459.812676861036,10459.70120963887,10459.765840505734,-0.0,10459.809694095522,10459.897964242426,10459.989251665113,10459.95733725285,10459.970781761895,-2.9312941146310587,-1.7530373356040698,-0.0,-0.0,-672.0996338210401,-672.1031967696998,-0.0,-0.0,-0.0,-0.0,-672.3241552910707,-672.0993331349626,-0.0,-0.0,-686.7444480521535,-672.1010775399886,-672.0999187135058,-0.0,-0.0,-672.0995973822944,-35.81419443187536,-39.342953678570396,-17.575436084054132,-0.0,-0.0,-2.9305854141950554,-2.9306119971892075,-0.0,-0.0,-0.0,-15929.178784259457,-672.0996239652885,-672.0995973822944,-672.0990119680994,-672.0996338210401,-0.0,-0.0,-672.7121710744675,-0.0,-0.0,-673.8395277219612,-672.0995526422107,-672.1337217894769,-672.1003060827304,-672.0993331349626,-672.7121710744675,-672.1003060827304,-0.0,-672.3241552910707,-672.0993331349626,-0.0,-0.0,-0.0,-0.0,-3.1551433229713863,-672.1031967696998,-0.0,-672.1922489179002,-673.0741210485952,-3.555170985833057,-0.0,-2.9314035282000375,-0.3324660150297944,-15913.440196640215,-15930.795760831998,-15930.355566445873,-0.0,-672.0999014045034,-672.0995526422107,-672.1337217894769,-672.1010775399886,-672.1031967696998,-0.0,-672.0999014045034,-672.1337217894769,-672.1003060827304,-672.3241552910707,-672.7121710744675,-672.1922489179002,-673.0741210485952,-672.7121710744675,-672.1011121256428,-673.0741210485952,-0.0,-672.1024047892689,-673.0741210485952,-0.0,-672.0993331349626,-0.0,-672.1922489179002,-672.7121710744675,-686.7444480521535,-672.1010775399886,-672.0996338210401,-672.1003060827304,-0.0,-672.0999014045034,-672.1913783034599,-672.1004154962993,-672.0999187135058,-0.0,-672.1913783034599,-672.1004154962993,-0.0,-0.0,-672.1922489179002,-672.7121710744675,-0.0,-4.0234479757291295,-0.0,-17.575436084054132,-0.0,-0.0,-672.1031967696998,-673.8395277219612,-672.1010775399886,-672.0996338210401,-672.1031967696998,-672.1024047892689,-0.0,-672.1011121256428,-672.1220568887599,-672.1024047892689,-673.0741210485952,-672.1220568887599,-672.1024047892689,-672.1011121256428,-672.1009266102164,-2.9306119971892075,-0.0,-8.23712102316558,-2.9309067454065056,-0.0,-2.924715806311965,1741.6135032175555,2400.0652843757293,1443.5012580230136,2018.4024304968245,2373.291711746629,2949.356300995745,2489.2672272512873,2143.108830789268,2763.13565008618,-13.342478075996286,-26.418414745406505,-18.424834225319266,2099.116471640791,-15944.95029149808,3475.294596964803,2193.419368956961,2282.552907406273,-13.236725100968401,-18.662631414195054,-17.365779997189208,2076.9641400834407,2087.617822643544,-25.49189730243029,-15948.432809357322,-45.5094999971892,2058.04701496324,2317.8228790277885,-45.496856246488704,1653.4405217140263,2022.45865664684,2877.223251335488,-0.0,-0.0,-0.0,-0.0,-0.0,-0.0,-0.0,-0.0,-0.0,-0.0,-0.0,-0.0,-0.0,-0.0,-0.0,-0.0,-0.0,-0.0,-0.0,-0.0,-0.0,-0.0,-0.0,-0.0,-0.0,-0.0,-0.0,-0.0,-0.0,-0.0,-0.0,110.0,110.0,110.0,110.0,110.0,110.0,110.0,110.0,110.0,110.0,110.0,113.89878430183667,109.99956649719465,109.99989327523933,115.89905135256376,123.29701337085905,109.9996041265211,119.4960534805357,125.17693026811537,109.99820853124207,109.99980341074321,109.99655287388732,114.89826799639152,109.99935876815165,124.99566670677821,109.99963267957888,122.59757063524802,125.49729718815503,129.1941303394611,109.99928623766026,109.99949002540832,109.0694408448811,136.09048746397008,127.02549309137045,125.18151412468738,131.19137534325444,-0.0,132.1887682033539,142.09917364240673,146.04404541261266,134.4846453806075,173.62747862490076
537.3452615239489,530.3549260262477,526.6271426512052,516.1443947430498,516.7950236996975,531.7609129754941,505.7822015378311,515.605637821983,549.0855976607804,548.5361010886627,544.3719528580036,520.3348944722673,541.7409026183526,519.4603340417063,533.4028565917836,515.3125678233855,510.8748392835913,515.0294015396213,531.4363318458907,512.0480284176888,549.1511240262842,514.7474354974175,510.7966023272613,501.5385833292325,496.5034291730499,526.0190059364512,511.6470435119735,507.42956320054185,511.37741592539294,509.0043926502148,507.7055047369243,0.0,0.0,0.0,0.0,0.0,0.0,0.0,0.0,0.0,0.0,0.0,0.0,0.0,0.0,0.0,0.0,0.0,0.0,0.0,0.0,0.0,0.0,0.0,0.0,0.0,0.0,0.0,0.0,0.0,0.0,0.0,0.0,90.0,90.0,90.0,90.0,90.0,90.0,90.0,90.0,90.0,90.0,90.0,90.0,90.0,90.0,90.0,90.0,90.0,90.0,90.0,90.0,90.0,90.0,90.0,90.0,90.0,90.0,90.0,90.0,90.0,90.0,90.0,113.89878430183667,109.99956649719465,109.99989327523933,115.89905135256376,123.29701337085905,109.9996041265211,119.4960534805357,125.17693026811537,109.99820853124207,109.99980341074321,109.99655287388732,114.89826799639152,109.99935876815165,124.99566670677821,109.99963267957888,122.59757063524802,125.49729718815503,129.1941303394611,109.99928623766026,109.99949002540832,109.0694408448811,136.09048746397008,127.02549309137045,125.18151412468738,131.19137534325444,-0.0,132.1887682033539,142.09917364240673,146.04404541261266,134.4846453806075,173.62747862490076,3460.3815192903785,3464.2088636112308,3469.066025867486,3467.3401101635495,3455.876299617714,3481.3817500497876,3472.027044087418,3464.2984608407355,3450.120335807554,3459.2834736458763,3454.3265884177554,3463.7162345076554,3470.219135807143,3469.0781566345063,3459.875103194067,3467.175845489342,3473.5057269625704,3477.100773005626,3485.4579697081717,3502.743476602162,3490.135713746507,3487.924990241182,3482.448980076101,3499.0689078941373,3484.3801158053084,-0.0,3481.505280456506,3475.5106339502067,3469.650463003923,3464.986381394971,3517.6451190409725,10459.68948257976,10459.669725609025,10459.723864932661,10459.787663195313,10459.873615852679,10459.411004366417,10459.818924339355,10459.912194192468,10459.56553837348,10459.457044102888,10459.337990382888,10459.615988493655,10459.239436616412,10459.609219226571,10459.547046778118,10459.73988656475,10459.676961359704,10459.635686316049,10458.765790991623,10459.141818862188,10459.4782307265,10459.785652211525,10459.812676861036,10459.70120963887,10459.765840505734,-0.0,10459.809694095522,10459.897964242426,10459.989251665113,10459.95733725285,10459.970781761895,-2.9312941146310587,-1.7530373356040698,-0.0,-0.0,-672.0996338210401,-672.1031967696998,-0.0,-0.0,-0.0,-0.0,-672.3241552910707,-672.0993331349626,-0.0,-0.0,-686.7444480521535,-672.1010775399886,-672.0999187135058,-0.0,-0.0,-672.0995973822944,-35.81419443187536,-39.342953678570396,-17.575436084054132,-0.0,-0.0,-2.9305854141950554,-2.9306119971892075,-3.339554917986641,-4.081622975466499,-0.0,-15929.178784259457,-672.0996239652885,-672.0995973822944,-672.0990119680994,-672.0996338210401,-0.0,-0.0,-672.7121710744675,-0.0,-0.0,-673.8395277219612,-672.0995526422107,-672.1337217894769,-672.1003060827304,-672.0993331349626,-672.7121710744675,-672.1003060827304,-0.0,-672.3241552910707,-672.0993331349626,-0.0,-0.0,-0.0,-0.0,-3.1551433229713863,-672.1031967696998,-0.0,-672.1922489179002,-673.0741210485952,-3.555170985833057,-0.0,-2.9314035282000375,-0.3324660150297944,-15913.440196640215,-15930.795760831998,-15930.355566445873,-0.0,-672.0999014045034,-672.0995526422107,-672.1337217894769,-672.1010775399886,-672.1031967696998,-0.0,-672.0999014045034,-672.1337217894769,-672.1003060827304,-672.3241552910707,-672.7121710744675,-672.1922489179002,-673.0741210485952,-672.7121710744675,-672.1011121256428,-673.0741210485952,-0.0,-672.1024047892689,-673.0741210485952,-0.0,-672.0993331349626,-0.0,-672.1922489179002,-672.7121710744675,-686.7444480521535,-672.1010775399886,-672.0996338210401,-672.1003060827304,-0.0,-672.0999014045034,-672.1913783034599,-672.1004154962993,-672.0999187135058,-0.0,-672.1913783034599,-672.1004154962993,-0.0,-0.0,-672.1922489179002,-672.7121710744675,-0.0,-4.0234479757291295,-0.0,-17.575436084054132,-0.0,-0.0,-672.1031967696998,-673.8395277219612,-672.1010775399886,-672.0996338210401,-672.1031967696998,-672.1024047892689,-0.0,-672.1011121256428,-672.1220568887599,-672.1024047892689,-673.0741210485952,-672.1220568887599,-672.1024047892689,-672.1011121256428,-672.1009266102164,-2.9306119971892075,-0.0,-8.23712102316558,-2.9309067454065056,-0.0,-2.924715806311965,1741.6135032175555,2400.0652843757293,1443.5012580230136,2018.4024304968245,2373.291711746629,2949.356300995745,2489.2672272512873,2143.108830789268,2763.13565008618,-13.342478075996286,-26.418414745406505,-18.424834225319266,2099.116471640791,-15944.95029149808,3475.294596964803,2193.419368956961,2282.552907406273,-13.236725100968401,-18.662631414195054,-22.381814450381047,2076.9641400834407,2087.617822643544,-25.49189730243029,-15948.432809357322,-60.305113680839895,2058.04701496324,2317.8228790277885,-45.496856246488704,1653.4405217140263,2022.45865664684,2877.223251335488,-0.0,-0.0,-0.0,-0.0,-0.0,-0.0,-0.0,-0.0,-0.0,-0.0,-0.0,-0.0,-0.0,-0.0,-0.0,-0.0,-0.0,-0.0,-0.0,-0.0,-0.0,-0.0,-0.0,-0.0,-0.0,-0.0,-0.0,-0.0,-0.0,-0.0,-0.0,110.0,110.0,110.0,110.0,110.0,110.0,110.0,110.0,110.0,110.0,110.0,113.89878430183667,109.99956649719465,109.99989327523933,115.89905135256376,123.29701337085905,109.9996041265211,119.4960534805357,125.17693026811537,109.99820853124207,109.99980341074321,109.99655287388732,114.89826799639152,109.99935876815165,124.99566670677821,109.99963267957888,122.59757063524802,125.49729718815503,129.1941303394611,109.99928623766026,109.99949002540832,109.0694408448811,136.09048746397008,127.02549309137045,125.18151412468738,131.19137534325444,-0.0,132.1887682033539,142.09917364240673,146.04404541261266,134.4846453806075,173.62747862490076
536.9978226949024,529.9049721669652,526.2965062179553,515.81843066492,516.7627161903498,531.6483176220827,505.7375499447891,515.5021347783103,549.0311978803499,547.5384080296169,543.9326471822749,520.1537840730955,541.6368223014334,518.7623117386098,533.1865198493126,515.0536059558522,510.8611697014409,515.0016894922215,531.3828092725522,512.0396850589593,547.3488101965079,514.7028088733757,510.79569119562365,501.52482325390775,496.502636424652,526.0035533896154,511.5942070153803,507.38476997088304,511.37420762640227,508.5939633998858,507.6447001021532,0.0,0.0,0.0,0.0,0.0,0.0,0.0,0.0,0.0,0.0,0.0,0.0,0.0,0.0,0.0,0.0,0.0,0.0,0.0,0.0,0.0,0.0,0.0,0.0,0.0,0.0,0.0,0.0,0.0,0.0,0.0,0.0,90.0,90.0,90.0,90.0,90.0,90.0,90.0,90.0,90.0,90.0,90.0,90.0,90.0,90.0,90.0,90.0,90.0,90.0,90.0,90.0,90.0,90.0,90.0,90.0,90.0,90.0,90.0,90.0,90.0,90.0,90.0,113.89878430183667,109.99956649719465,109.99989327523933,115.89905135256376,123.29701337085905,109.9996041265211,119.4960534805357,125.17693026811537,109.99820853124207,109.99980341074321,109.99655287388732,114.89826799639152,109.99935876815165,124.99566670677821,109.99963267957888,122.59757063524802,125.49729718815503,129.1941303394611,109.99928623766026,109.99949002540832,109.0694408448811,136.09048746397008,127.02549309137045,125.18151412468738,131.19137534325444,-0.0,132.1887682033539,142.09917364240673,146.04404541261266,134.4846453806075,173.62747862490076,3460.3815192903785,3464.2088636112308,3469.066025867486,3467.3401101635495,3455.876299617714,3481.3817500497876,3472.027044087418,3464.2984608407355,3450.120335807554,3459.2834736458763,3454.3265884177554,3463.7162345076554,3470.219135807143,3469.0781566345063,3459.875103194067,3467.175845489342,3473.5057269625704,3477.100773005626,3485.4579697081717,3502.743476602162,3490.135713746507,3487.924990241182,3482.448980076101,3499.0689078941373,3484.3801158053084,-0.0,3481.505280456506,3475.5106339502067,3469.650463003923,3464.986381394971,3517.6451190409725,10459.68948257976,10459.669725609025,10459.723864932661,10459.787663195313,10459.873615852679,10459.411004366417,10459.818924339355,10459.912194192468,10459.56553837348,10459.457044102888,10459.337990382888,10459.615988493655,10459.239436616412,10459.609219226571,10459.547046778118,10459.73988656475,10459.676961359704,10459.635686316049,10458.765790991623,10459.141818862188,10459.4782307265,10459.785652211525,10459.812676861036,10459.70120963887,10459.765840505734,-0.0,10459.809694095522,10459.897964242426,10459.989251665113,10459.95733725285,10459.970781761895,-2.9312941146310587,-1.7530373356040698,-0.0,-0.0,-672.0996338210401,-672.1031967696998,-0.0,-0.0,-0.0,-0.0,-672.3241552910707,-672.0993331349626,-0.0,-0.0,-686.7444480521535,-672.1010775399886,-672.0999187135058,-0.0,-0.0,-672.0995973822944,-35.81419443187536,-39.342953678570396,-17.575436084054132,-0.0,-0.0,-2.9305854141950554,-2.9306119971892075,-0.0,-0.0,-0.0,-15929.178784259457,-672.0996239652885,-672.0995973822944,-672.0990119680994,-672.0996338210401,-0.0,-0.0,-672.7121710744675,-0.0,-0.0,-673.8395277219612,-672.0995526422107,-672.1337217894769,-672.1003060827304,-672.0993331349626,-672.7121710744675,-672.1003060827304,-0.0,-672.3241552910707,-672.0993331349626,-0.0,-0.0,-0.0,-0.0,-3.1551433229713863,-672.1031967696998,-0.0,-672.1922489179002,-673.0741210485952,-3.555170985833057,-0.0,-2.9314035282000375,-0.3324660150297944,-15913.440196640215,-15930.795760831998,-15930.355566445873,-0.0,-672.0999014045034,-672.0995526422107,-672.1337217894769,-672.1010775399886,-672.1031967696998,-0.0,-672.0999014045034,-672.1337217894769,-672.1003060827304,-672.3241552910707,-672.7121710744675,-672.1922489179002,-673.0741210485952,-672.7121710744675,-672.1011121256428,-673.0741210485952,-0.0,-672.1024047892689,-673.0741210485952,-0.0,-672.0993331349626,-0.0,-672.1922489179002,-672.7121710744675,-686.7444480521535,-672.1010775399886,-672.0996338210401,-672.1003060827304,-0.0,-672.0999014045034,-672.1913783034599,-672.1004154962993,-672.0999187135058,-0.0,-672.1913783034599,-672.1004154962993,-0.0,-0.0,-672.1922489179002,-672.7121710744675,-0.0,-4.0234479757291295,-0.0,-17.575436084054132,-0.0,-0.0,-672.1031967696998,-673.8395277219612,-672.1010775399886,-672.0996338210401,-672.1031967696998,-672.1024047892689,-0.0,-672.1011121256428,-672.1220568887599,-672.1024047892689,-673.0741210485952,-672.1220568887599,-672.1024047892689,-672.1011121256428,-672.1009266102164,-2.9306119971892075,-0.0,-8.23712102316558,-2.9309067454065056,-0.0,-2.924715806311965,1741.6135032175555,2400.0652843757293,1443.5012580230136,2018.4024304968245,2373.291711746629,2949.356300995745,2489.2672272512873,2143.108830789268,2763.13565008618,-13.342478075996286,-26.418414745406505,-18.424834225319266,2099.116471640791,-15944.95029149808,3475.294596964803,2193.419368956961,2282.552907406273,-13.236725100968401,-18.662631414195054,-17.365779997189208,2076.9641400834407,2087.617822643544,-25.49189730243029,-15948.432809357322,-45.5094999971892,2058.04701496324,2317.8228790277885,-45.496856246488704,1653.4405217140263,2022.45865664684,2877.223251335488,-0.0,-0.0,-0.0,-0.0,-0.0,-0.0,-0.0,-0.0,-0.0,-0.0,-0.0,-0.0,-0.0,-0.0,-0.0,-0.0,-0.0,-0.0,-0.0,-0.0,-0.0,-0.0,-0.0,-0.0,-0.0,-0.0,-0.0,-0.0,-0.0,-0.0,-0.0,110.0,110.0,110.0,110.0,110.0,110.0,110.0,110.0,110.0,110.0,110.0,113.89878430183667,109.99956649719465,109.99989327523933,115.89905135256376,123.29701337085905,109.9996041265211,119.4960534805357,125.17693026811537,109.99820853124207,109.99980341074321,109.99655287388732,114.89826799639152,109.99935876815165,124.99566670677821,109.99963267957888,122.59757063524802,125.49729718815503,129.1941303394611,109.99928623766026,109.99949002540832,109.0694408448811,136.09048746397008,127.02549309137045,125.18151412468738,131.19137534325444,-0.0,132.1887682033539,142.09917364240673,146.04404541261266,134.4846453806075,173.62747862490076
534.934712837632,526.4159543192045,524.3226714385273,513.8849152619154,515.6699550620165,531.5959174794625,505.6731793439968,515.3560833415861,549.0027673140443,547.151765943023,543.0699596327167,519.9321342156894,541.610917261066,515.135123560174,517.1867507256261,514.4672154282974,510.8520132617022,514.9948802074798,530.2136360437617,512.0269455968971,544.9581291447249,514.6097486532997,510.79445280121047,501.5154266390293,496.50088292774126,525.9764451094292,511.3910119868398,507.3087077861893,511.36987605889783,507.78449919940624,507.62765728085105,0.0,0.0,0.0,0.0,0.0,0.0,0.0,0.0,0.0,0.0,0.0,0.0,0.0,0.0,0.0,0.0,0.0,0.0,0.0,0.0,0.0,0.0,0.0,0.0,0.0,0.0,0.0,0.0,0.0,0.0,0.0,0.0,90.0,90.0,90.0,90.0,90.0,90.0,90.0,90.0,90.0,90.0,90.0,90.0,90.0,90.0,90.0,90.0,90.0,90.0,90.0,90.0,90.0,90.0,90.0,90.0,90.0,90.0,90.0,90.0,90.0,90.0,90.0,113.89878430183667,109.99956649719465,109.99989327523933,115.89905135256376,123.29701337085905,109.9996041265211,119.4960534805357,125.17693026811537,109.99820853124207,109.99980341074321,109.99655287388732,114.89826799639152,109.99935876815165,124.99566670677821,109.99963267957888,122.59757063524802,125.49729718815503,129.1941303394611,109.99928623766026,109.99949002540832,109.0694408448811,136.09048746397008,127.02549309137045,125.18151412468738,131.19137534325444,-0.0,132.1887682033539,142.09917364240673,146.04404541261266,134.4846453806075,173.62747862490076,3460.3815192903785,3464.2088636112308,3469.066025867486,3467.3401101635495,3455.876299617714,3481.3817500497876,3472.027044087418,3464.2984608407355,3450.120335807554,3459.2834736458763,3454.3265884177554,3463.7162345076554,3470.219135807143,3469.0781566345063,3459.875103194067,3467.175845489342,3473.5057269625704,3477.100773005626,3485.4579697081717,3502.743476602162,3490.135713746507,3487.924990241182,3482.448980076101,3499.0689078941373,3484.3801158053084,-0.0,3481.505280456506,3475.5106339502067,3469.650463003923,3464.986381394971,3517.6451190409725,10459.68948257976,10459.669725609025,10459.723864932661,10459.787663195313,10459.873615852679,10459.411004366417,10459.818924339355,10459.912194192468,10459.56553837348,10459.457044102888,10459.337990382888,10459.615988493655,10459.239436616412,10459.609219226571,10459.547046778118,10459.73988656475,10459.676961359704,10459.635686316049,10458.765790991623,10459.141818862188,10459.4782307265,10459.785652211525,10459.812676861036,10459.70120963887,10459.765840505734,-0.0,10459.809694095522,10459.897964242426,10459.989251665113,10459.95733725285,10459.970781761895,-2.9312941146310587,-1.7530373356040698,-0.0,-0.0,-672.0996338210401,-672.1031967696998,-0.0,-0.0,-0.0,-0.0,-672.3241552910707,-672.0993331349626,-0.0,-0.0,-686.7444480521535,-672.1010775399886,-672.0999187135058,-0.0,-0.0,-672.0995973822944,-35.81419443187536,-39.342953678570396,-17.575436084054132,-0.0,-0.0,-2.9305854141950554,-2.9306119971892075,-0.0,-0.0,-0.0,-15929.178784259457,-672.0996239652885,-672.0995973822944,-672.0990119680994,-672.0996338210401,-0.0,-0.0,-672.7121710744675,-0.0,-0.0,-673.8395277219612,-672.0995526422107,-672.1337217894769,-672.1003060827304,-672.0993331349626,-672.7121710744675,-672.1003060827304,-0.0,-672.3241552910707,-672.0993331349626,-0.0,-0.0,-0.0,-0.0,-3.1551433229713863,-672.1031967696998,-0.0,-672.1922489179002,-673.0741210485952,-3.555170985833057,-0.0,-2.9314035282000375,-0.3324660150297944,-15913.440196640215,-15930.795760831998,-15930.355566445873,-0.0,-672.0999014045034,-672.0995526422107,-672.1337217894769,-672.1010775399886,-672.1031967696998,-0.0,-672.0999014045034,-672.1337217894769,-672.1003060827304,-672.3241552910707,-672.7121710744675,-672.1922489179002,-673.0741210485952,-672.7121710744675,-672.1011121256428,-673.0741210485952,-0.0,-672.1024047892689,-673.0741210485952,-0.0,-672.0993331349626,-0.0,-672.1922489179002,-672.7121710744675,-686.7444480521535,-672.1010775399886,-672.0996338210401,-672.1003060827304,-0.0,-672.0999014045034,-672.1913783034599,-672.1004154962993,-672.0999187135058,-0.0,-672.1913783034599,-672.1004154962993,-0.0,-0.0,-672.1922489179002,-672.7121710744675,-0.0,-4.0234479757291295,-0.0,-17.575436084054132,-0.0,-0.0,-672.1031967696998,-673.8395277219612,-672.1010775399886,-672.0996338210401,-672.1031967696998,-672.1024047892689,-0.0,-672.1011121256428,-672.1220568887599,-672.1024047892689,-673.0741210485952,-672.1220568887599,-672.1024047892689,-672.1011121256428,-672.1009266102164,-2.9306119971892075,-0.0,-8.23712102316558,-2.9309067454065056,-0.0,-2.924715806311965,1741.6135032175555,2400.0652843757293,1443.5012580230136,2018.4024304968245,2373.291711746629,2949.356300995745,2489.2672272512873,2143.108830789268,2763.13565008618,-13.342478075996286,-26.418414745406505,-18.424834225319266,2099.116471640791,-15944.95029149808,3475.294596964803,2193.419368956961,2282.552907406273,-13.236725100968401,-18.662631414195054,-17.365779997189208,2076.9641400834407,2087.617822643544,-25.49189730243029,-15948.432809357322,-45.5094999971892,2058.04701496324,2317.8228790277885,-45.496856246488704,1653.4405217140263,2022.45865664684,2877.223251335488,-0.0,-0.0,-0.0,-0.0,-0.0,-0.0,-0.0,-0.0,-0.0,-0.0,-0.0,-0.0,-0.0,-0.0,-0.0,-0.0,-0.0,-0.0,-0.0,-0.0,-0.0,-0.0,-0.0,-0.0,-0.0,-0.0,-0.0,-0.0,-0.0,-0.0,-0.0,110.0,110.0,110.0,110.0,110.0,110.0,110.0,110.0,110.0,110.0,110.0,113.89878430183667,109.99956649719465,109.99989327523933,115.89905135256376,123.29701337085905,109.9996041265211,119.4960534805357,125.17693026811537,109.99820853124207,109.99980341074321,109.99655287388732,114.89826799639152,109.99935876815165,124.99566670677821,109.99963267957888,122.59757063524802,125.49729718815503,129.1941303394611,109.99928623766026,109.99949002540832,109.0694408448811,136.09048746397008,127.02549309137045,125.18151412468738,131.19137534325444,-0.0,132.1887682033539,142.09917364240673,146.04404541261266,134.4846453806075,173.62747862490076
511.3739645524434,495.63339997814734,502.1333848067007,495.2788679727312,495.24573879917205,514.3736255638041,495.2264410802479,504.34095029397895,541.2963230136899,532.4802343336196,536.8717346678732,472.8471795628743,541.5308178598351,506.8048924599638,494.2543481952516,503.3735883192299,510.82721432800025,514.9834099339137,493.3823560493772,507.19553403599883,540.5134056358695,514.5044840686365,510.7933846477826,501.48457213626625,496.49990725053567,525.9467822322296,503.4732597256701,507.13066494729145,511.35250496111803,502.96226775972997,507.592662603167,0.0,0.0,0.0,0.0,0.0,0.0,0.0,0.0,0.0,0.0,0.0,0.0,0.0,0.0,0.0,0.0,0.0,0.0,0.0,0.0,0.0,0.0,0.0,0.0,0.0,0.0,0.0,0.0,0.0,0.0,0.0,0.0,90.0,90.0,90.0,90.0,90.0,90.0,90.0,90.0,90.0,90.0,90.0,90.0,90.0,90.0,90.0,90.0,90.0,90.0,90.0,90.0,90.0,90.0,90.0,90.0,90.0,90.0,90.0,90.0,90.0,90.0,90.0,113.89878430183667,109.99956649719465,109.99989327523933,115.89905135256376,123.29701337085905,109.9996041265211,119.4960534805357,125.17693026811537,109.99820853124207,109.99980341074321,109.99655287388732,114.89826799639152,109.99935876815165,124.99566670677821,109.99963267957888,122.59757063524802,125.49729718815503,129.1941303394611,109.99928623766026,109.99949002540832,109.0694408448811,136.09048746397008,127.02549309137045,125.18151412468738,131.19137534325444,-0.0,132.1887682033539,142.09917364240673,146.04404541261266,134.4846453806075,173.62747862490076,3460.3815192903785,3464.2088636112308,3469.066025867486,3467.3401101635495,3455.876299617714,3481.3817500497876,3472.027044087418,3464.2984608407355,3450.120335807554,3459.2834736458763,3454.3265884177554,3463.7162345076554,3470.219135807143,3469.0781566345063,3459.875103194067,3467.175845489342,3473.5057269625704,3477.100773005626,3485.4579697081717,3502.743476602162,3490.135713746507,3487.924990241182,3482.448980076101,3499.0689078941373,3484.3801158053084,-0.0,3481.505280456506,3475.5106339502067,3469.650463003923,3464.986381394971,3517.6451190409725,10459.68948257976,10459.669725609025,10459.723864932661,10459.787663195313,10459.873615852679,10459.411004366417,10459.818924339355,10459.912194192468,10459.56553837348,10459.457044102888,10459.337990382888,10459.615988493655,10459.239436616412,10459.609219226571,10459.547046778118,10459.73988656475,10459.676961359704,10459.635686316049,10458.765790991623,10459.141818862188,10459.4782307265,10459.785652211525,10459.812676861036,10459.70120963887,10459.765840505734,-0.0,10459.809694095522,10459.897964242426,10459.989251665113,10459.95733725285,10459.970781761895,-2.9312941146310587,-1.7530373356040698,-0.0,-0.0,-672.0996338210401,-672.1031967696998,-0.0,-0.0,-0.0,-0.0,-672.3241552910707,-672.0993331349626,-0.0,-0.0,-686.7444480521535,-672.1010775399886,-672.0999187135058,-0.0,-0.0,-672.0995973822944,-35.81419443187536,-39.342953678570396,-17.575436084054132,-0.0,-0.0,-2.9305854141950554,-2.9306119971892075,-0.0,-0.0,-0.0,-15929.178784259457,-672.0996239652885,-672.0995973822944,-672.0990119680994,-672.0996338210401,-0.0,-0.0,-672.7121710744675,-0.0,-0.0,-673.8395277219612,-672.0995526422107,-672.1337217894769,-672.1003060827304,-672.0993331349626,-672.7121710744675,-672.1003060827304,-0.0,-672.3241552910707,-672.0993331349626,-0.0,-0.0,-0.0,-0.0,-3.1551433229713863,-672.1031967696998,-0.0,-672.1922489179002,-673.0741210485952,-3.555170985833057,-0.0,-2.9314035282000375,-0.3324660150297944,-15913.440196640215,-15930.795760831998,-15930.355566445873,-0.0,-672.0999014045034,-672.0995526422107,-672.1337217894769,-672.1010775399886,-672.1031967696998,-0.0,-672.0999014045034,-672.1337217894769,-672.1003060827304,-672.3241552910707,-672.7121710744675,-672.1922489179002,-673.0741210485952,-672.7121710744675,-672.1011121256428,-673.0741210485952,-0.0,-672.1024047892689,-673.0741210485952,-0.0,-672.0993331349626,-0.0,-672.1922489179002,-672.7121710744675,-686.7444480521535,-672.1010775399886,-672.0996338210401,-672.1003060827304,-0.0,-672.0999014045034,-672.1913783034599,-672.1004154962993,-672.0999187135058,-0.0,-672.1913783034599,-672.1004154962993,-0.0,-0.0,-672.1922489179002,-672.7121710744675,-0.0,-4.0234479757291295,-0.0,-17.575436084054132,-0.0,-0.0,-672.1031967696998,-673.8395277219612,-672.1010775399886,-672.0996338210401,-672.1031967696998,-672.1024047892689,-0.0,-672.1011121256428,-672.1220568887599,-672.1024047892689,-673.0741210485952,-672.1220568887599,-672.1024047892689,-672.1011121256428,-672.1009266102164,-2.9306119971892075,-0.0,-8.23712102316558,-2.9309067454065056,-0.0,-2.924715806311965,1741.6135032175555,2400.0652843757293,1443.5012580230136,2018.4024304968245,2373.291711746629,2949.356300995745,2489.2672272512873,2143.108830789268,2763.13565008618,-13.342478075996286,-26.418414745406505,-18.424834225319266,2099.116471640791,-15944.95029149808,3475.294596964803,2193.419368956961,2282.552907406273,-13.236725100968401,-18.662631414195054,-17.365779997189208,2076.9641400834407,2087.617822643544,-25.49189730243029,-15948.432809357322,-45.5094999971892,2058.04701496324,2317.8228790277885,-45.496856246488704,1653.4405217140263,2022.45865664684,2877.223251335488,-0.0,-0.0,-0.0,-0.0,-0.0,-0.0,-0.0,-0.0,-0.0,-0.0,-0.0,-0.0,-0.0,-0.0,-0.0,-0.0,-0.0,-0.0,-0.0,-0.0,-0.0,-0.0,-0.0,-0.0,-0.0,-0.0,-0.0,-0.0,-0.0,-0.0,-0.0,110.0,110.0,110.0,110.0,110.0,110.0,110.0,110.0,110.0,110.0,110.0,113.89878430183667,109.99956649719465,109.99989327523933,115.89905135256376,123.29701337085905,109.9996041265211,119.4960534805357,125.17693026811537,109.99820853124207,109.99980341074321,109.99655287388732,114.89826799639152,109.99935876815165,124.99566670677821,109.99963267957888,122.59757063524802,125.49729718815503,129.1941303394611,109.99928623766026,109.99949002540832,109.0694408448811,136.09048746397008,127.02549309137045,125.18151412468738,131.19137534325444,-0.0,132.1887682033539,142.09917364240673,146.04404541261266,134.4846453806075,173.62747862490076
453.54329596877255,441.4009329374502,447.32312346021297,441.89905893835567,438.574896612897,452.1257726506914,430.45866433787086,437.3444544892168,475.8605482818206,471.46593516808855,475.5638669143534,442.92725266322515,479.22747621151876,461.9993918902383,441.2855981328719,454.2278886801969,466.7774892525324,511.7939688339339,463.8697388899734,486.65503211230686,474.80206855934716,506.1113194508888,510.77159073671197,496.1760008882163,496.49556289020995,525.8646654118878,458.75754533588224,478.70760475343656,482.76198759827616,474.70403436716407,476.17281324863905,0.0,0.0,0.0,0.0,0.0,0.0,0.0,0.0,0.0,0.0,0.0,0.0,0.0,0.0,0.0,0.0,0.0,0.0,0.0,0.0,0.0,0.0,0.0,0.0,0.0,0.0,0.0,0.0,0.0,0.0,0.0,0.0,90.0,90.0,90.0,90.0,90.0,90.0,90.0,90.0,90.0,90.0,90.0,90.0,90.0,90.0,90.0,90.0,90.0,90.0,90.0,90.0,90.0,90.0,90.0,90.0,90.0,90.0,90.0,90.0,90.0,90.0,90.0,113.89878430183667,109.99956649719465,109.99989327523933,115.89905135256376,123.29701337085905,109.9996041265211,119.4960534805357,125.17693026811537,109.99820853124207,109.99980341074321,109.99655287388732,114.89826799639152,109.99935876815165,124.99566670677821,109.99963267957888,122.59757063524802,125.49729718815503,129.1941303394611,109.99928623766026,109.99949002540832,109.0694408448811,136.09048746397008,127.02549309137045,125.18151412468738,131.19137534325444,-0.0,132.1887682033539,142.09917364240673,146.04404541261266,134.4846453806075,173.62747862490076,3460.3815192903785,3464.2088636112308,3469.066025867486,3467.3401101635495,3455.876299617714,3481.3817500497876,3472.027044087418,3464.2984608407355,3450.120335807554,3459.2834736458763,3454.3265884177554,3463.7162345076554,3470.219135807143,3469.0781566345063,3459.875103194067,3467.175845489342,3473.5057269625704,3477.100773005626,3485.4579697081717,3502.743476602162,3490.135713746507,3487.924990241182,3482.448980076101,3499.0689078941373,3484.3801158053084,-0.0,3481.505280456506,3475.5106339502067,3469.650463003923,3464.986381394971,3517.6451190409725,10459.68948257976,10459.669725609025,10459.723864932661,10459.787663195313,10459.873615852679,10459.411004366417,10459.818924339355,10459.912194192468,10459.56553837348,10459.457044102888,10459.337990382888,10459.615988493655,10459.239436616412,10459.609219226571,10459.547046778118,10459.73988656475,10459.676961359704,10459.635686316049,10458.765790991623,10459.141818862188,10459.4782307265,10459.785652211525,10459.812676861036,10459.70120963887,10459.765840505734,-0.0,10459.809694095522,10459.897964242426,10459.989251665113,10459.95733725285,10459.970781761895,-2.9312941146310587,-1.7530373356040698,-0.0,-0.0,-672.0996338210401,-672.1031967696998,-0.0,-0.0,-0.0,-0.0,-672.3241552910707,-672.0993331349626,-0.0,-0.0,-686.7444480521535,-672.1010775399886,-672.0999187135058,-0.0,-0.0,-672.0995973822944,-35.81419443187536,-39.342953678570396,-17.575436084054132,-0.0,-0.0,-2.9305854141950554,-2.9306119971892075,-0.0,-0.0,-0.0,-15929.178784259457,-672.0996239652885,-672.0995973822944,-672.0990119680994,-672.0996338210401,-0.0,-0.0,-672.7121710744675,-0.0,-0.0,-673.8395277219612,-672.0995526422107,-672.1337217894769,-672.1003060827304,-672.0993331349626,-672.7121710744675,-672.1003060827304,-0.0,-672.3241552910707,-672.0993331349626,-0.0,-0.0,-0.0,-0.0,-3.1551433229713863,-672.1031967696998,-0.0,-672.1922489179002,-673.0741210485952,-16063.611458220215,-16048.613133464949,-16062.987690762582,-16060.388753249412,-15913.440196640215,-15930.795760831998,-15930.355566445873,-0.0,-672.0999014045034,-672.0995526422107,-672.1337217894769,-672.1010775399886,-672.1031967696998,-0.0,-672.0999014045034,-672.1337217894769,-672.1003060827304,-672.3241552910707,-672.7121710744675,-672.1922489179002,-673.0741210485952,-672.7121710744675,-672.1011121256428,-673.0741210485952,-0.0,-672.1024047892689,-673.0741210485952,-0.0,-672.0993331349626,-0.0,-672.1922489179002,-672.7121710744675,-686.7444480521535,-672.1010775399886,-672.0996338210401,-672.1003060827304,-0.0,-672.0999014045034,-672.1913783034599,-672.1004154962993,-672.0999187135058,-0.0,-672.1913783034599,-672.1004154962993,-0.0,-0.0,-672.1922489179002,-672.7121710744675,-0.0,-4.0234479757291295,-0.0,-17.575436084054132,-0.0,-0.0,-672.1031967696998,-673.8395277219612,-672.1010775399886,-672.0996338210401,-672.1031967696998,-672.1024047892689,-0.0,-672.1011121256428,-672.1220568887599,-672.1024047892689,-673.0741210485952,-672.1220568887599,-672.1024047892689,-672.1011121256428,-672.1009266102164,-2.9306119971892075,-0.0,-8.23712102316558,-2.9309067454065056,-0.0,-2.924715806311965,1741.6135032175555,2400.0652843757293,1443.5012580230136,2018.4024304968245,2373.291711746629,2949.356300995745,2489.2672272512873,2143.108830789268,2763.13565008618,-16073.39876531038,-26.418414745406505,-18.424834225319266,2099.116471640791,-15944.95029149808,3475.294596964803,2193.419368956961,2282.552907406273,-15.3815870334943,-24.12931422351178,-17.365779997189208,2076.9641400834407,2087.617822643544,-25.49189730243029,-15948.432809357322,-45.5094999971892,2058.04701496324,2317.8228790277885,-45.496856246488704,1653.4405217140263,2022.45865664684,2877.223251335488,-0.0,-0.0,-0.0,-0.0,-0.0,-0.0,-0.0,-0.0,-0.0,-0.0,-0.0,-0.0,-0.0,-0.0,-0.0,-0.0,-0.0,-0.0,-0.0,-0.0,-0.0,-0.0,-0.0,-0.0,-0.0,-0.0,-0.0,-0.0,-0.0,-0.0,-0.0,110.0,110.0,110.0,110.0,110.0,110.0,110.0,110.0,110.0,110.0,110.0,113.89878430183667,109.99956649719465,109.99989327523933,115.89905135256376,123.29701337085905,109.9996041265211,119.4960534805357,125.17693026811537,109.99820853124207,109.99980341074321,109.99655287388732,114.89826799639152,109.99935876815165,124.99566670677821,109.99963267957888,122.59757063524802,125.49729718815503,129.1941303394611,109.99928623766026,109.99949002540832,109.0694408448811,136.09048746397008,127.02549309137045,125.18151412468738,131.19137534325444,-0.0,132.1887682033539,142.09917364240673,146.04404541261266,134.4846453806075,173.62747862490076
